97.272461 0.298004634856
194.708215 0.302334646423
292.157573 0.298898190626
385.296681 0.328825978237
480.208687 0.322807559032
575.229295 0.3194240125
670.202939 0.31730663818
765.403541 0.315792824357
858.42854 0.317699960761
954.011395 0.297632581832
1047.952737 0.297649509886
1145.170242 0.29784544748
1239.694785 0.300703295757
1333.345647 0.301770769711
1430.516241 0.299508742746
1525.867967 0.301981568027
1620.333639 0.302079516877
1713.867715 0.304880881919
1806.835848 0.306884806629
1900.127443 0.309125343761
1994.347474 0.30893963782
2089.019354 0.312028856644
2183.657906 0.312088803509
2277.484484 0.311482201187
2372.021835 0.310961416761
2466.32326 0.309240698406
2560.261026 0.306044574817
2656.076978 0.303580456425
2751.165432 0.302627728502
2845.587829 0.302763992641
2941.306542 0.297858701278
3039.303304 0.295664365125
3136.662987 0.29686776707
3234.253227 0.295145683269
3330.496503 0.294521818231
3428.73216 0.291240975399
3524.02652 0.290067962508
3620.594593 0.291616926381
3717.10171 0.292674732584
3815.534294 0.293144582061
3913.377521 0.292858692566
4010.270588 0.29286464527
4108.40563 0.29419920438
4205.79202 0.291472275592
4302.798875 0.289890282404
4400.52812 0.291112293375
4497.282524 0.294558853685
4594.602013 0.294446361057
4692.24204 0.293380440982
4788.809237 0.295975327654
4886.932526 0.293850678618
4985.517516 0.29290432429
5082.173431 0.287123179247
5179.176963 0.288476621411
5276.932527 0.287063302361
5377.704603 0.284395857284
5475.202562 0.28397157466
5572.575031 0.284035164737
5672.477427 0.28417674188
5769.982051 0.28239521631
5868.385993 0.284840346831
5966.202364 0.285593355267
6064.908564 0.284969807238
6166.511399 0.281729873646
6267.128282 0.281680525382
6368.603833 0.281713077095
6468.854546 0.279455584402
6571.504379 0.275605835403
6674.334646 0.272361927296
6774.447572 0.283060588193
6874.950814 0.331814983291
6974.413569 0.384540740671
7077.760673 0.389526026278
7179.558603 0.396569500818
7282.532594 0.402802110055
7384.002682 0.386202745151
7486.815741 0.325418024641
7588.389779 0.265019306031
7689.78163 0.247909721337
7791.99996 0.237982004719
7894.17119 0.231509318715
7996.415083 0.234229440447
8099.572679 0.26326006595
8201.894004 0.310584180532
8304.378845 0.329367850169
8408.011521 0.332771384812
8511.276559 0.338469406581
8613.563271 0.337160801971
8717.625489 0.306533056182
8820.263359 0.270731126898
8924.212265 0.265645340168
9026.079152 0.266151551119
9126.180801 0.267678054462
9228.62081 0.26916408576
9331.520586 0.274392303031
9434.11948 0.275256695116
9536.216597 0.276465273769
9639.117151 0.275611249957
9743.133453 0.270481343484
9845.305988 0.269595337267
9946.705967 0.269974660296
10051.44516 0.269718263052
10153.237366 0.26879582971
10255.071133 0.269228269842
10357.306219 0.269626608981
10459.456589 0.270979109868
10561.394344 0.271027680266
10664.705227 0.268958813205
10765.519598 0.266519764141
10864.349907 0.264857596569
10964.471035 0.265117086781
11062.46315 0.264447485611
11161.631253 0.262613892099
11258.830566 0.263833031548
11356.451877 0.266043579826
11457.079474 0.266615676502
11558.956173 0.262794127451
11658.160061 0.263105909746
11755.752972 0.268272784292
11856.834286 0.268474454284
11956.571966 0.267265543586
12053.813536 0.266989033999
12155.330155 0.269218142907
12253.772818 0.271003680223
12353.688538 0.266542171085
12452.841277 0.266572235061
12553.862706 0.266220890593
12654.773376 0.268395481716
12757.5636 0.269091860362
12857.554468 0.268600558907
12957.98075 0.270105697199
13060.580624 0.271123142406
13161.757205 0.27445913514
13264.060683 0.272061512207
13361.386782 0.274273082327
13456.634714 0.273641404154
13553.477606 0.272176841606
13650.276731 0.272265110786
13748.907703 0.27118746025
13849.203312 0.27145341205
13948.889657 0.268987313687
14047.463313 0.270904957618
14146.464552 0.290853136983
14245.636626 0.311183024513
14344.86751 0.330140486558
14440.481817 0.348433619558
14540.953496 0.352227874935
14641.094686 0.350140159754
14743.548135 0.331947518282
14843.329434 0.305723370335
14946.076913 0.275036076902
15047.334731 0.248725327195
15149.615746 0.243611697978
15249.452482 0.243456265638
15348.754401 0.244892507469
15444.243642 0.250705826997
15541.348429 0.259192695276
15636.898422 0.264260804341
15734.700167 0.270104601127
15831.469174 0.269500760207
15928.771583 0.269338094674
16022.970357 0.273516335955
16118.197607 0.276088979413
16213.248071 0.280440101608
16309.962561 0.280775222283
16404.730293 0.283639753377
16500.524495 0.287442335302
16594.83627 0.287116876937
16690.589161 0.286702561846
16790.354002 0.283263330868
16888.918918 0.282837062978
16987.704095 0.280512760772
17087.402259 0.276386895546
17187.602381 0.274133476181
17286.881341 0.273403071933
17385.305181 0.273885314313
17486.222176 0.274198855633
17585.291294 0.274292202856
17685.108272 0.27559149876
17785.346532 0.277155013858
17882.363502 0.276490497841
17979.661584 0.276845604981
18077.483909 0.277759733418
18172.136457 0.279855261672
18267.228864 0.28365697651
18360.512036 0.281365260123
18455.555551 0.280671258157
18550.043418 0.288321192982
18643.689825 0.290434856285
18737.837178 0.291047930049
18833.157717 0.28995664919
18927.33637 0.292627988092
19021.089785 0.295429485731
19119.823176 0.289441966807
19218.85843 0.288679743307
19316.573968 0.288853718434
19414.858965 0.286732789976
19513.449661 0.284866532923
19613.243377 0.281892041472
19712.572752 0.27941915324
19812.829817 0.278732177606
19912.858633 0.27890055245
20013.483521 0.277675179969
20113.217582 0.276083014136
20210.673542 0.276763495543
20309.706675 0.277463091381
20409.566717 0.275845529867
20507.277555 0.278094312412
20606.134931 0.276143081183
20706.399962 0.27693332416
20805.85469 0.278339609017
20908.244217 0.277169818324
21008.76319 0.278702904672
21111.027526 0.274322646617
21213.829241 0.274318334256
21314.408428 0.276406955397
21416.503528 0.27198708547
21518.357568 0.27262914679
21618.23026 0.272199403452
21717.751566 0.272134292096
21816.954574 0.272980647447
21914.725755 0.274353010684
22013.173352 0.276372997711
22113.915106 0.276493085944
22213.163213 0.276734748585
22313.159588 0.278904816953
22415.472664 0.309822572545
22515.979172 0.340983982568
22614.473023 0.345590779612
22712.864775 0.346557981816
22815.602175 0.349047662991
22918.215309 0.343180207316
23022.894169 0.297867526859
23125.242553 0.262251931689
23228.768089 0.251920330537
23335.735342 0.267666618408
23436.59277 0.289614090077
23534.743769 0.295007899437
23637.127564 0.305223487064
23738.955357 0.314212897229
23844.268903 0.317669628048
23948.194231 0.288872938011
24054.065534 0.268399444341
24157.039362 0.265635241529
24260.078374 0.263395725391
24366.761908 0.256826111041
24474.22212 0.256842916404
24582.776386 0.260003580355
24695.975754 0.258142952394
24802.527481 0.261462335077
24907.441379 0.265871093717
25014.686061 0.268680197432
25120.59111 0.273481931234
25227.45267 0.27743460133
25333.74609 0.280540778916
25439.545174 0.27863505602
25547.358523 0.275100239279
25655.313803 0.273333647211
25762.130261 0.269780154717
25873.441079 0.267805234414
25986.308788 0.263707681791
26098.28259 0.259316311005
26209.309627 0.259447715906
26320.223258 0.256725589493
26431.840291 0.255078447317
26544.697575 0.255849655167
26657.636615 0.256684481597
26772.453643 0.255081232151
26886.507419 0.253237036164
27004.0465 0.251675866018
27123.458998 0.251019722111
27241.355526 0.256850702925
27359.87385 0.261308090075
27475.77331 0.267020160543
27594.919425 0.275053549471
27713.517096 0.281066239507
27833.922963 0.278115641443
27955.259575 0.273802940919
28076.501769 0.270388356811
28197.118758 0.266234455963
28322.072052 0.260266797138
28446.80231 0.255223654455
28574.948736 0.253954978048
28700.321857 0.252925741347
28824.588021 0.250375808113
28949.068242 0.250221786385
29073.946149 0.249543101472
29202.561632 0.251034980577
29332.654675 0.253828298087
29463.648599 0.256989588186
29596.366726 0.26107270271
29729.227835 0.264110014168
29861.018199 0.263839589625
29997.296474 0.264132342588
30131.751596 0.262834480952
30266.79472 0.259782636277
30399.712437 0.256415620046
30535.250669 0.251548787643
30672.746599 0.255446879904
30808.398557 0.266543932859
30948.880082 0.271850060464
31090.578941 0.277613097459
31234.783507 0.285302138026
31380.109543 0.278365424551
31526.62319 0.274064598761
31676.077971 0.269447291763
31827.115815 0.262275382919
31974.579538 0.264278593575
32123.062205 0.263883695375
32274.083211 0.25848497945
32423.452163 0.261704331307
32575.440576 0.25469443544
32727.051636 0.252670654121
32879.62675 0.251845862717
33031.816689 0.248910675074
33184.382827 0.249023158593
33338.16949 0.250817117583
33495.121378 0.250928978688
33650.86654 0.251075571421
33807.970186 0.26045970179
33967.103192 0.27231270793
34123.358474 0.286296962804
34285.371395 0.291584299573
34443.926429 0.288366034562
34612.227375 0.279140412247
34777.79088 0.265925640666
34941.343591 0.264323720738
35108.519332 0.264048713399
35279.609584 0.265598860386
35447.296824 0.265648070772
35615.420165 0.25740375374
35792.034507 0.251932496842
35964.860171 0.248705271043
36136.925428 0.24806881347
36307.202373 0.252577304725
36477.821734 0.255427591677
36646.79186 0.257026663341
36819.476299 0.257498882915
36994.360497 0.255114829298
37169.251983 0.255029160396
37345.162476 0.252392672854
37523.968036 0.247296757425
37701.403469 0.245537431677
37879.047753 0.245484314407
38055.151374 0.245749827462
38231.882355 0.243504832339
38413.342522 0.243475796737
38592.295787 0.239899672623
38767.140597 0.24238111888
38940.857915 0.243502206438
39120.045841 0.243801535736
39302.786524 0.243532349686
39486.290663 0.249233007756
39676.698579 0.263285866352
39858.466418 0.287269228595
40040.094291 0.295444428849
40223.93113 0.296681921455
40409.926428 0.294398260311
40594.150881 0.296674035525
40782.55416 0.294898985364
40964.545575 0.296941421673
41152.195528 0.292135429991
41340.390508 0.289263711936
41527.201822 0.279696293805
41714.636345 0.283952660887
41904.484542 0.283336203159
42087.248174 0.284425125038
42275.870373 0.277672398269
42461.645237 0.279964537436
42645.149242 0.282630638738
42832.276387 0.280645095265
43022.493671 1.01575504795
43207.44261 1.83079223783
43391.61956 2.35119425316
43573.653898 1.78875832108
43752.08733 0.983059476044
43928.31861 0.295724424604
44102.759781 0.190700761062
44276.939582 0.21061551112
44452.294382 0.231092399457
44628.790584 0.240477810783
44805.20413 0.241966498845
44982.925243 0.240422661829
45157.906883 0.242585744116
45332.311328 0.239400164337
45506.651581 0.241845733605
45678.171646 0.242258826446
45847.578051 0.246646855302
46019.401309 0.246268312311
46192.031464 0.249522887627
46365.767432 0.248682892131
46539.173569 0.250166387995
46714.551416 0.252413184096
46886.260442 0.247472425211
47059.229207 0.248206592756
47232.268573 0.243146078328
47401.372995 0.245681588159
47574.462348 0.248234040771
47740.843571 0.253842547509
47909.759226 0.256721660852
48077.195738 0.257453561366
48251.234596 0.262177741537
48421.381259 0.267185962581
48592.093711 0.266912404119
48760.074529 0.270749710235
48929.621617 0.265517697561
49103.901241 0.261210720497
49275.767293 0.261103727973
49446.9849 0.257258062382
49619.81336 0.252614388898
49794.079446 0.251404039209
49968.308254 0.250324721778
50140.735424 0.254970690364
50314.108311 0.25663186761
50482.544925 0.258586590489
50651.004887 0.26181889537
50817.959322 0.26133369373
50986.982163 0.344962737173
51157.891577 0.368486375988
51324.768162 0.394109742503
51491.87322 0.436547249462
51659.182734 0.328087850735
51822.743681 0.311753296118
51994.11144 0.286657813221
52159.476164 0.236966304938
52319.57192 0.231952341741
52478.787398 0.241168438263
52640.210907 0.256367886977
52795.354069 0.279021475668
52969.454967 0.28199245685
53135.086464 0.284249018238
53299.112182 0.280822626128
53465.148566 0.273402846562
53632.524271 0.276675922498
53801.484815 0.268655262151
53968.417863 0.264957637815
54130.466344 0.266571433255
54293.177432 0.268631802455
54451.986301 0.275462016731
54610.957112 0.283023417375
54767.7179 0.295339831034
54925.066697 0.299480550715
55078.545978 0.305835215519
55229.647663 0.313801835264
55380.906101 0.31561772504
55533.766016 0.317471541257
55681.986764 0.324011211544
55832.385274 0.323261114578
55984.142267 0.325403824818
56135.694516 0.327108192512
56279.204902 0.332613438122
56429.085069 0.33228776302
56575.292303 0.354076880119
56722.810958 0.34251193006
56873.478954 0.318643486554
57019.967312 0.301541538634
57168.084501 0.265234498271
57315.746619 0.266066747431
57462.148231 0.270104727516
57609.512458 0.270413831218
57753.939091 0.272668477365
57895.665034 0.281401564587
58038.072267 0.287059620978
58177.051891 0.29086535611
58314.163738 0.298917767771
58447.694319 0.296895022634
58579.05949 0.311952704164
58712.569474 0.318912256192
58848.169531 0.321921603011
58984.720633 0.321555609842
59117.1694 0.32785171138
59249.133826 0.323065328652
59376.09107 0.331481689022
59504.561708 0.335113765746
59631.542979 0.340548224756
59761.302691 0.345894036979
59884.80318 0.356364433917
60010.360879 0.347993597984
60135.43517 0.334132128756
60258.282279 0.325869521016
60380.598961 0.315560698304
60504.029999 0.295506044061
60629.693596 0.294396393268
60755.094351 0.294575965447
60877.975714 0.294090070964
60998.998414 0.290812311803
61119.800392 0.288890692295
61239.179542 0.296284325819
61360.52409 0.29886365048
61480.374422 0.301460836725
61598.161509 0.306925360657
61715.821539 0.312196321316
61833.083591 0.315829943754
61949.308639 0.326894214483
62065.28161 0.329017729077
62182.646832 0.333728676628
62296.731129 0.33409372425
62410.884959 0.336737535211
62523.193169 0.340485952056
62634.552592 0.349185701886
62747.022204 0.365415278651
62857.745004 0.422271999761
62967.170632 0.413605466905
63076.605813 0.417494044934
63188.844513 0.407470121418
63297.088554 0.403261815179
63406.511547 0.347527589667
63516.552184 0.457536338524
63626.591107 0.743446573866
63740.014681 0.982156359837
63849.53412 1.2450754337
63958.446738 1.40520517108
64066.919786 1.40359589886
64176.128067 1.10729332186
64287.173867 0.813121788545
64395.624084 0.542343728372
64503.113378 0.306564367727
64613.517619 0.17271975469
64722.202511 0.177389091781
64829.201696 0.185408348003
64933.66438 0.197972426923
65038.05058 0.211158397133
65141.735689 0.339762283366
65245.908542 0.574963104263
65349.882834 0.850349966219
65454.132533 1.1077936741
65558.036353 1.36396943784
65664.348732 1.49865630079
65770.279601 1.37115320777
65873.536502 1.1262142676
65977.794068 0.846822417367
66083.322049 0.581667496143
66187.532835 0.335526505986
66290.114436 0.223565427657
66392.403179 0.20809953972
66493.187589 0.221803564552
66594.786853 0.236082961611
66698.023619 0.246988129916
66799.301537 0.255347676255
66904.948691 0.263081948328
67008.756583 0.266180555828
67110.111982 0.265736346731
67213.536095 0.262991296155
67314.707225 0.264365389872
67417.223343 0.265668330815
67521.790375 0.262882562949
67628.991552 0.262752743825
67731.05839 0.261667441067
67834.629743 0.263289825262
67941.337558 0.264899050999
68044.993681 0.270101605037
68146.44633 0.283226639276
68244.568935 0.294850077169
68344.334542 0.305929882758
68446.06595 0.311383913611
68545.432839 0.318711109817
68645.741518 0.320532772214
68746.43953 0.316874598917
68845.6019 0.316735657245
68944.156904 0.32006727218
69045.913378 0.317753700434
69145.895579 0.314810716574
69244.373373 0.321445537994
69343.115125 0.325712139089
69443.442665 0.317306026432
69544.246587 0.352148999008
69646.839323 0.380508577817
69747.146214 0.388439354251
69845.992867 0.390336798627
69947.988559 0.380472016296
70045.574842 0.375234890604
70143.455338 0.320803667603
70241.629619 0.283869065207
70338.16579 0.272021392624
70433.978008 0.255104532649
70531.114911 0.252162599514
70628.752352 0.251772016249
70726.820625 0.25637126582
70823.238522 0.26548007789
70921.879447 0.269145439392
71021.774602 0.267720044486
71120.710486 0.273698282202
71219.574236 0.277834172207
71318.695884 0.2829557469
71422.139505 0.277359424573
71522.665157 0.273475219702
71623.349396 0.272208137459
71726.822985 0.271573818264
71827.792721 0.26944742307
71929.435066 0.270152777351
72029.782418 0.274096298511
72132.236504 0.278394604754
72234.766884 0.282124909208
72335.796072 0.283246706982
72440.492992 0.281799617546
72540.963542 0.280505166703
72640.342712 0.279313415223
72740.780948 0.277459626879
72840.194721 0.27616364925
72943.315302 0.272438053802
73044.125275 0.274532718415
73145.557873 0.273103394008
73247.063911 0.273557232792
73348.631507 0.274075227568
73449.412282 0.272969493586
73550.266932 0.275266640381
73651.110963 0.288803230061
73752.177549 0.360134231593
73854.239074 0.461697706106
73953.976126 0.499987515011
74052.856407 0.509879345463
74151.444356 0.500616591679
74249.33163 0.49039663822
74349.284272 0.411143135887
74449.865007 0.299435770442
74550.527963 0.248588922692
74651.214286 0.228031766197
74753.717573 0.231476212608
74854.909212 0.223197161612
74955.383517 0.23735298046
75057.706294 0.248655398865
75160.194975 0.259947346218
75264.150539 0.268160587434
75366.30012 0.270887175165
75471.989664 0.268867835437
75574.34918 0.265253043175
75676.854141 0.264111106462
75777.120902 0.265068104396
75880.122564 0.263970894859
75981.895479 0.267507723199
76083.870702 0.268498211539
76185.050972 0.271416465826
76285.107888 0.271221779934
76384.294844 0.272077486743
76486.202765 0.270596996103
76586.897174 0.27290595786
76685.871105 0.276207079025
76785.718486 0.281799543235
76886.667404 0.284768045465
76988.363643 0.283176577705
77089.267123 0.285822483188
77189.976789 0.284225590988
77289.586874 0.286627457736
77388.296831 0.28238862668
77485.910416 0.28357175826
77583.853597 0.288656670051
77682.415603 0.290789850763
77779.984745 0.293546503908
77877.755133 0.29216696241
77975.24489 0.293729866079
78072.329016 0.297950271998
78169.668457 0.296504331173
78268.589176 0.295884251058
78367.049373 0.299561883158
78465.169771 0.2994619819
78562.402483 0.300224515894
78661.889566 0.296150411095
78762.856262 0.291300494086
78860.839175 0.288810918816
78958.133575 0.288626161651
79057.409162 0.289956566845
79155.102388 0.288197441691
79253.262516 0.288718338787
79350.754007 0.292706531192
79447.534666 0.294383163396
79544.28994 0.293215425643
79642.404966 0.2909171452
79738.62539 0.290165784019
79835.960696 0.290105440447
79933.530808 0.289090020929
80033.60981 0.285605044585
80129.664876 0.286140446602
80224.858562 0.290253602079
80319.707833 0.294605887504
80418.208911 0.293824697283
80515.578957 0.295303432904
80612.300768 0.300077675778
80711.684523 0.303515291678
80808.825566 0.302803258963
80905.546214 0.298255328835
81004.406509 0.30101366674
81103.128584 0.301497055587
81199.812436 0.299302232412
81297.968519 0.295051882548
81394.770777 0.295472765824
81490.179649 0.294334304726
81586.909304 0.297274848323
81684.779119 0.293192384112
81782.785845 0.294720089429
81879.499241 0.29664118997
81978.420356 0.297934574059
82076.17081 0.299223718539
82174.503218 0.300731212666
82272.775909 0.300480242441
82372.729293 0.298313540253
82468.88542 0.298887160143
82568.5388 0.291664893167
82668.616148 0.288914076817
82764.637703 0.287576601985
82861.701833 0.288390714796
82958.803238 0.291514685394
83052.757938 0.292044308759
83147.217652 0.296358162763
83241.127414 0.30275690707
83333.484793 0.305799532503
83426.85186 0.307366757928
83521.519657 0.308386102641
83616.408544 0.308082468097
83712.147381 0.310475503954
83807.786762 0.308793044947
83900.753608 0.307350573213
83993.725271 0.309669552422
84086.351377 0.310564086877
84178.833224 0.316141715706
84269.866566 0.316493012822
84359.915631 0.317799594705
84449.946752 0.324279333467
84538.584443 0.32797637181
84626.651091 0.327718195519
84712.319221 0.332631459657
84799.931601 0.328796725383
84888.120221 0.321975527717
84979.393178 0.314159769854
85070.49737 0.306101593889
85161.297494 0.300190596677
85252.50162 0.291519885119
85343.0539 0.27925175362
85435.163568 0.279923321105
85523.486544 0.27803169125
85613.787794 0.277438151488
85701.869697 0.278922948752
85790.777526 0.274343570803
85878.765929 0.273459967211
85968.508933 0.271803802781
86058.795805 0.270412822368
86146.53714 0.273357865581
86233.599199 0.274371448959
86322.034502 0.273123822775
86413.055985 0.275283839881
