97.272136 0.317385812841
194.708307 0.300983317512
292.157938 0.29753574944
385.297161 0.297042972395
480.207871 0.295990684081
575.22894 0.295912312904
670.202522 0.291113332076
765.403798 0.292245226346
858.428417 0.292766752549
954.011145 0.29231507895
1047.952614 0.292141654407
1145.169551 0.291581513427
1239.694816 0.290725271235
1333.345683 0.290957705254
1430.516261 0.291245667033
1525.868498 0.291656533638
1620.333881 0.29157354473
1713.867666 0.292162043604
1806.835842 0.293150702096
1900.126551 0.294824247751
1994.346905 0.292992540491
2089.018554 0.292837732016
2183.657746 0.291706181468
2277.484382 0.292130193238
2372.021961 0.291580676311
2466.323272 0.29006641214
2560.261145 0.290184610509
2656.077262 0.291235023913
2751.16451 0.290926941158
2845.588377 0.291625654115
2941.30601 0.290240178123
3039.303405 0.289793202362
3136.663443 0.289418652071
3234.253134 0.287978069641
3330.497185 0.288495289773
3428.731751 0.287010967288
3524.025751 0.287524585535
3620.59452 0.288653423776
3717.102127 0.289738275432
3815.534 0.290134392807
3913.378534 0.289771883876
4010.269887 0.289803188638
4108.405778 0.289729956504
4205.792172 0.288959688816
4302.799505 0.28871720929
4400.528395 0.288925466702
4497.282886 0.290633159154
4594.601946 0.292550980225
4692.241785 0.294178037959
4788.809537 0.29597790233
4886.931701 0.296787567676
4985.517954 0.298500039091
5082.17324 0.300420460437
5179.176816 0.301110963918
5276.932105 0.30174295365
5377.704181 0.300321159821
5475.201515 0.300794477125
5572.575394 0.29997199011
5672.477218 0.297769847319
5769.982194 0.297200722292
5868.385581 0.295426270646
5966.202322 0.295610777524
6064.909542 0.294735399775
6166.51149 0.294758803347
6267.128416 0.294739900681
6368.603764 0.293480987489
6468.855368 0.295169578908
6571.504185 0.293524759296
6674.334582 0.293081519275
6774.447907 0.299885256733
6874.951205 0.312194973849
6974.413894 0.317032956959
7077.760737 0.318740274253
7179.558559 0.324997651873
7282.532912 0.328385636108
7384.002892 0.324035254752
7486.815602 0.311346539274
7588.389553 0.307366200668
7689.782022 0.303066766045
7791.999571 0.297729037637
7894.170751 0.294182545787
7996.414849 0.290060420388
8099.573072 0.301289609048
8201.893547 0.303810439891
8304.378853 0.307350349273
8408.010933 0.30894967559
8511.275941 0.312479169114
8613.562505 0.315907172743
8717.625581 0.302275434133
8820.26317 0.299609887383
8924.212504 0.296647095794
9026.078512 0.294667755393
9126.181011 0.292131476646
9228.621315 0.290233056281
9331.519575 0.291307406971
9434.118712 0.291189907144
9536.21669 0.291693827946
9639.11659 0.29130955789
9743.132912 0.290850424585
9845.306474 0.291416027382
9946.706135 0.290875778447
10051.444719 0.290245134959
10153.237348 0.289572166536
10255.071288 0.290130505794
10357.305699 0.289182271929
10459.455658 0.289573575924
10561.394193 0.289409133823
10664.704613 0.289619746381
10765.519548 0.288065943441
10864.349897 0.287237805332
10964.470699 0.286355326765
11062.463535 0.285621743946
11161.630692 0.285817592467
11258.830289 0.285180587238
11356.452267 0.28445959137
11457.078642 0.283461407277
11558.956362 0.282861712728
11658.159782 0.281884518122
11755.752055 0.281153287351
11856.833936 0.280087211476
11956.57196 0.281369614915
12053.814061 0.282045421659
12155.329548 0.282244742242
12253.772687 0.28346284508
12353.688985 0.283840457053
12452.841154 0.285051182387
12553.863089 0.285286546804
12654.772671 0.287157716468
12757.563118 0.288516288089
12857.554089 0.28999984304
12957.979784 0.291526841572
13060.580941 0.292112818967
13161.757334 0.292972590679
13264.060731 0.291780864536
13361.386711 0.292450275903
13456.635546 0.291043325396
13553.478151 0.290124085775
13650.27717 0.290344381503
13748.907687 0.289863736455
13849.202585 0.288436268385
13948.889937 0.286376260429
14047.462483 0.287236167206
14146.464297 0.288126831702
14245.636753 0.297904154833
14344.868222 0.300200281953
14440.481507 0.306757676239
14540.953438 0.311960367779
14641.094876 0.314599364355
14743.547829 0.318184994568
14843.329424 0.308424245118
14946.076516 0.306863290683
15047.334591 0.300602625441
15149.616184 0.2982240434
15249.452011 0.295662838872
15348.753771 0.291034530432
15444.244304 0.289962962751
15541.347457 0.289722561362
15636.898232 0.288906678446
15734.699924 0.287537476073
15831.468478 0.287396434509
15928.771717 0.289026716505
16022.969846 0.291340726216
16118.198053 0.291269577831
16213.248834 0.292371982796
16309.961646 0.292691147467
16404.730025 0.295855811493
16500.524419 0.295009803767
16594.835925 0.29366408145
16690.589207 0.291956436483
16790.353772 0.291988505194
16888.919112 0.292815025433
16987.703758 0.292002108441
17087.401706 0.291970635362
17187.602404 0.291039025779
17286.881444 0.293212010647
17385.304898 0.294757344313
17486.221507 0.294270290768
17585.290867 0.295634526604
17685.107538 0.296649980804
17785.345896 0.296658695178
17882.36316 0.296522157053
17979.660613 0.296754191889
18077.484452 0.296737474097
18172.135837 0.299842106619
18267.228749 0.299273208826
18360.51253 0.29956103839
18455.556436 0.299315507624
18550.043535 0.299246345165
18643.689469 0.297891956731
18737.837019 0.293991908006
18833.157793 0.293373786081
18927.336501 0.293860668213
19021.089575 0.29476781503
19119.822479 0.293701215768
19218.857768 0.295417463554
19316.574398 0.295605569908
19414.858575 0.29641659701
19513.449792 0.296177969782
19613.242516 0.294326836793
19712.572636 0.29415701907
19812.830207 0.29361971809
19912.859192 0.293666184164
20013.483974 0.292640939291
20113.217411 0.291927319176
20210.673301 0.291667707202
20309.707426 0.292321485635
20409.566923 0.291740438235
20507.27797 0.293741370582
20606.134906 0.294696025565
20706.400228 0.294997875087
20805.854473 0.295548903095
20908.244377 0.293933350018
21008.762753 0.294261994943
21111.027284 0.292753168223
21213.829152 0.291977250298
21314.408279 0.292491809611
21416.503323 0.29182771446
21518.35792 0.293759190433
21618.22955 0.294207176821
21717.751478 0.293967171708
21816.954022 0.293185147576
21914.726276 0.293819386113
22013.173508 0.293854877617
22113.914677 0.293127607145
22213.163031 0.294185428851
22313.158868 0.294394189371
22415.473212 0.302663808977
22515.979243 0.304583028002
22614.472607 0.305350252397
22712.864608 0.3096745517
22815.602139 0.309108115141
22918.215408 0.309053573378
23022.893956 0.302957164706
23125.242152 0.300462875086
23228.767833 0.297979241292
23335.735019 0.304185812144
23436.59274 0.308126265793
23534.743492 0.311977652069
23637.126971 0.313212766291
23738.955403 0.31538579111
23844.268937 0.318983338828
23948.194158 0.308978615243
24054.065271 0.303485744156
24157.039071 0.297192509379
24260.078472 0.294957342393
24366.762524 0.290455346285
24474.222091 0.287574503283
24582.776454 0.28577674298
24695.975894 0.286909152694
24802.527091 0.286331642817
24907.44066 0.286095545692
25014.68582 0.285103606542
25120.590503 0.284971073588
25227.453389 0.284733161188
25333.745922 0.284118543061
25439.544866 0.284290757154
25547.358279 0.283580396381
25655.314499 0.283481810431
25762.129857 0.281446006522
25873.441263 0.280927282962
25986.309176 0.279256884366
26098.282952 0.277238660196
26209.309527 0.277159274696
26320.223511 0.277040908218
26431.839917 0.27753514984
26544.696726 0.278520447912
26657.636869 0.279527247156
26772.453541 0.280179215488
26886.506809 0.280183035359
27004.046192 0.279290240691
27123.459441 0.279002016411
27241.354702 0.278791869372
27359.874368 0.277879150838
27475.772536 0.277456217215
27594.919374 0.277110669276
27713.517459 0.27715842415
27833.923294 0.277027121964
27955.260216 0.276356988942
28076.502287 0.275626413123
28197.118679 0.276005315318
28322.072524 0.274677443357
28446.802058 0.273369103666
28574.948907 0.273017001248
28700.321863 0.272789347268
28824.588185 0.274481748914
28949.067771 0.275788304826
29073.945877 0.278701268815
29202.56229 0.28025127835
29332.655059 0.2807549092
29463.648104 0.278519516184
29596.36726 0.277123151422
29729.228424 0.27542369434
29861.01813 0.27447741687
29997.295853 0.274830323409
30131.751677 0.273494930973
30266.795532 0.272707628712
30399.711894 0.270944517061
30535.251366 0.270528196481
30672.746518 0.270624797938
30808.39762 0.270615576437
30948.879764 0.269097363513
31090.579152 0.268403896643
31234.7829 0.267377088362
31380.11036 0.266874455801
31526.62267 0.267252493329
31676.077988 0.265803871702
31827.115532 0.266245749908
31974.579 0.268326006417
32123.06278 0.26934772686
32274.082569 0.270620961244
32423.451798 0.272220855471
32575.441509 0.270787573914
32727.05249 0.269143347112
32879.626998 0.266760990002
33031.81693 0.26512515536
33184.382858 0.263981087733
33338.169382 0.263727379748
33495.120629 0.263946629289
33650.866709 0.262558383602
33807.970356 0.261956483763
33967.102973 0.261857293328
34123.358281 0.261660027552
34285.370582 0.261694555837
34443.925471 0.26221591114
34612.227251 0.261213917453
34777.79055 0.258556374825
34941.343268 0.257779698306
35108.518811 0.256142691411
35279.609391 0.257250339155
35447.297521 0.260464893717
35615.419698 0.265723709828
35792.034533 0.269030705929
35964.859642 0.268604735687
36136.925943 0.271329004411
36307.201668 0.267982224823
36477.822267 0.270627518574
36646.791592 0.269663263382
36819.475947 0.269558645369
36994.359785 0.270035597557
37169.251967 0.269872133377
37345.162514 0.267573503902
37523.968446 0.263782469711
37701.402584 0.260308621772
37879.048478 0.260965252732
38055.151255 0.262787972105
38231.881542 0.262882686489
38413.341979 0.264188660643
38592.295933 0.261930416719
38767.140497 0.262936176925
38940.857956 0.265544756988
39120.046062 0.264697595023
39302.786186 0.265881062487
39486.290759 0.26285444277
39676.699377 0.259141861798
39858.466097 0.256776041506
40040.094274 0.254167723647
40223.931057 0.254491813416
40409.926499 0.255181146744
40594.150464 0.255061631312
40782.553924 0.253719973385
40964.544681 0.253085736081
41152.195464 0.252506379405
41340.389928 0.252591258854
41527.202215 0.253329079979
41714.63561 0.252495133212
41904.484814 0.252375003793
42087.247968 0.252553917613
42275.869718 0.251957803151
42461.644991 0.250947917285
42645.148531 0.251636216363
42832.275589 0.24991842313
43022.493952 0.281348872812
43207.443316 0.290850438728
43391.619362 0.301397389898
43573.654239 0.284542890631
43752.08682 0.278464451171
43928.31928 0.270918288638
44102.760346 0.26623686366
44276.940387 0.263274676572
44452.294502 0.263683936747
44628.790663 0.26353235341
44805.203776 0.261513277106
44982.924758 0.260973931064
45157.907468 0.261774132335
45332.311068 0.260393663351
45506.652065 0.260980344981
45678.171826 0.261736158994
45847.577618 0.263757834567
46019.401516 0.264762495626
46192.030608 0.265698416683
46365.76686 0.266190078417
46539.174532 0.265457265794
46714.551027 0.263480042072
46886.259629 0.259837728702
47059.229334 0.259424003517
47232.268648 0.259329776712
47401.373532 0.260632850697
47574.462138 0.263357303479
47740.843476 0.268843990282
47909.759366 0.272205170418
48077.196193 0.271094818782
48251.234236 0.272436436155
48421.380589 0.27065998786
48592.093987 0.270375231566
48760.075144 0.275751267821
48929.621954 0.27576804659
49103.901254 0.27328968245
49275.76736 0.271750311575
49446.98507 0.270018185369
49619.81266 0.266117636824
49794.079301 0.265283679148
49968.307894 0.265658734847
50140.735365 0.266950842009
50314.107746 0.267786156453
50482.545499 0.270749939837
50651.005108 0.272197563076
50817.958755 0.275535012378
50986.981519 0.292553015984
51157.890564 0.297865591279
51324.767942 0.311184007253
51491.873151 0.329923909641
51659.182705 0.320813467971
51822.743622 0.32901529121
51994.111333 0.336729280283
52159.476125 0.314543681541
52319.572103 0.3097235694
52478.786763 0.297632340061
52640.211399 0.281807153367
52795.35418 0.287288682932
52969.455013 0.28318402498
53135.086214 0.281845605935
53299.111786 0.281559927493
53465.148088 0.275835194969
53632.523764 0.279745840128
53801.485065 0.277795865089
53968.417999 0.312395804993
54130.465525 0.310019770762
54293.176894 0.303992035352
54451.985922 0.300600005039
54610.957008 0.262156880174
54767.718146 0.263340241308
54925.066546 0.263019270173
55078.545933 0.264858060827
55229.648291 0.266028698122
55380.905571 0.267191392922
55533.766305 0.269199165409
55681.986989 0.268233110789
55832.385413 0.26879716301
55984.142205 0.268775744022
56135.694499 0.268659080856
56279.204607 0.269069497901
56429.084834 0.267762395933
56575.291997 0.268417503957
56722.810867 0.268451605345
56873.478724 0.26848582288
57019.966669 0.268866504707
57168.084417 0.267553960153
57315.746539 0.268868535822
57462.147551 0.269125998061
57609.512352 0.269297396175
57753.939066 0.271652206046
57895.665544 0.273102421402
58038.072053 0.274050441176
58177.05191 0.275608926319
58314.164122 0.277943912214
58447.693826 0.281794796449
58579.059277 0.285795163072
58712.56906 0.288838213163
58848.168966 0.289990844754
58984.720748 0.286628476978
59117.169125 0.290410463752
59249.134362 0.290063606476
59376.091417 0.295606166138
59504.562506 0.299893711965
59631.542922 0.303733846019
59761.303152 0.303059360738
59884.802914 0.313744963008
60010.360474 0.314038200684
60135.434776 0.308154081092
60258.281857 0.304998091036
60380.598721 0.303426307341
60504.029535 0.284944482319
60629.692484 0.282903712059
60755.093573 0.282987542074
60877.975722 0.28303526267
60998.998463 0.28304048448
61119.799948 0.284094378854
61239.178653 0.287263451866
61360.523487 0.288323456703
61480.373637 0.289275091066
61598.160629 0.289583213216
61715.821636 0.289070273069
61833.082651 0.288901444292
61949.30916 0.291557709869
62065.282548 0.292973709986
62182.64693 0.293038334789
62296.731156 0.297853752686
62410.884706 0.29780739012
62523.192832 0.301956165951
62634.551989 0.307069541112
62747.022073 0.323822783334
62857.744532 0.329354716294
62967.17129 0.331642058285
63076.606433 0.33365162315
63188.844975 0.329981255054
63297.08921 0.327837058491
63406.511268 0.320409850226
63516.552313 0.320940197926
63626.591531 0.32083217789
63740.014593 0.317804230789
63849.534059 0.316190521124
63958.446713 0.301504017968
64066.919907 0.299650383758
64176.127947 0.29458454535
64287.173706 0.291073092942
64395.624287 0.288910455952
64503.112885 0.286249027948
64613.518256 0.282941320909
64722.202958 0.284775049055
64829.2022 0.28627668548
64933.664409 0.28937063485
65038.050379 0.289779518128
65141.736105 0.309748014787
65245.907843 0.315446358364
65349.883485 0.318854439617
65454.132285 0.324642889832
65558.036294 0.326299838156
65664.348949 0.313182841786
65770.279799 0.307054828789
65873.536359 0.30234397194
65977.794444 0.29834514194
66083.321588 0.291313973948
66187.532469 0.288785442793
66290.113709 0.28690770582
66392.403161 0.286358523391
66493.188425 0.286817513117
66594.786455 0.286744543583
66698.023901 0.288568210338
66799.300708 0.288998502503
66904.948493 0.289415566427
67008.756968 0.289451826929
67110.111458 0.288584464862
67213.536449 0.288584882874
67314.706706 0.287273453952
67417.222502 0.287070990669
67521.789904 0.287326064707
67628.990841 0.286924745942
67731.057585 0.287227232017
67834.630114 0.287402654673
67941.33767 0.286413983973
68044.993471 0.286392761365
68146.445546 0.286904346238
68244.569018 0.287959398216
68344.334595 0.288390408505
68446.065885 0.290079817379
68545.433185 0.290851432701
68645.741729 0.291491738243
68746.438784 0.291455716779
68845.601537 0.291341354554
68944.157129 0.291177363986
69045.913535 0.289039113309
69145.894685 0.289259059576
69244.372896 0.288790806458
69343.114491 0.290781110254
69443.442996 0.290327013077
69544.247435 0.302504929394
69646.838588 0.306929021993
69747.146014 0.31055106072
69845.992312 0.316399908427
69947.987515 0.324337072039
70045.574709 0.327507553255
70143.454731 0.316193043488
70241.630188 0.315226956911
70338.165729 0.317763864488
70433.978305 0.314572172851
70531.115291 0.305479426893
70628.751825 0.3021520218
70726.820805 0.299112266615
70823.238871 0.298394957533
70921.879006 0.294114479508
71021.774941 0.287121966391
71120.709955 0.286428802735
71219.573979 0.2862277119
71318.695582 0.286038662834
71422.140169 0.284795842181
71522.664836 0.283891492887
71623.349536 0.283333787202
71726.82304 0.283688140308
71827.792663 0.283618873667
71929.43545 0.284618956025
72029.781706 0.285430246187
72132.235822 0.287503055849
72234.766625 0.2905549795
72335.795906 0.292013372798
72440.492574 0.292497046715
72540.964757 0.29350787487
72640.342547 0.294217804951
72740.781503 0.294854358789
72840.194726 0.294881825443
72943.314626 0.294208192563
73044.124805 0.295599579432
73145.558522 0.29529183408
73247.064337 0.29545468088
73348.631874 0.294897558622
73449.41209 0.293830877289
73550.267473 0.293668281055
73651.111173 0.30358293074
73752.177984 0.307664989142
73854.23867 0.313512095688
73953.976478 0.316831242953
74052.855962 0.326032783469
74151.444063 0.332463629875
74249.331627 0.324868221257
74349.284066 0.321105687929
74449.864574 0.313675577378
74550.528525 0.309704631769
74651.213675 0.300155179761
74753.716702 0.293797901159
74854.908948 0.290278664863
74955.383864 0.291236221736
75057.705458 0.291047071337
75160.194592 0.291154263914
75264.150519 0.291244746837
75366.299524 0.290705502004
75471.98973 0.28929099277
75574.349096 0.289042961008
75676.853917 0.289031470238
75777.120677 0.290317700784
75880.122246 0.28920557461
75981.895081 0.289583468581
76083.87138 0.290291421226
76185.050578 0.290006818599
76285.107852 0.290080058123
76384.294708 0.291925118829
76486.202487 0.291639917697
76586.89739 0.293399866897
76685.870944 0.294161655603
76785.717647 0.296073188459
76886.666654 0.296734636884
76988.363596 0.293511365199
77089.267511 0.293645276033
77189.976334 0.292657433093
77289.586918 0.293170594557
77388.296965 0.291921379035
77485.909563 0.29278157285
77583.853055 0.295415366055
77682.415925 0.296680095626
77779.984728 0.297058083842
77877.755361 0.298528580653
77975.244703 0.297762484777
78072.3288 0.297692746726
78169.667597 0.298378940751
78268.589347 0.298121383615
78367.048744 0.302243104887
78465.170092 0.303608320311
78562.402088 0.305467563809
78661.888773 0.30629214997
78762.855891 0.304410146547
78860.83849 0.304700880287
78958.1331 0.30132166816
79057.408684 0.298420431377
79155.102258 0.297575442013
79253.261607 0.297198324314
79350.753811 0.299424567851
79447.534875 0.300548409848
79544.28952 0.300291613436
79642.404908 0.300641093297
79738.624554 0.300276327982
79835.961012 0.301493147496
79933.530921 0.299543663639
80033.610187 0.297961923147
80129.664607 0.29983209492
80224.857883 0.302546153998
80319.708153 0.306727294784
80418.209416 0.304112036951
80515.579213 0.306167790231
80612.301252 0.307546259983
80711.684503 0.307057285055
80808.82545 0.307640591425
80905.545799 0.302378870666
81004.406342 0.304494393357
81103.128575 0.303734566643
81199.811966 0.301871513436
81297.967675 0.300843547021
81394.77103 0.298774673647
81490.179719 0.298191998611
81586.909161 0.296723856656
81684.778854 0.29684392042
81782.785884 0.295681663281
81879.498742 0.296604583995
81978.420204 0.296470570959
82076.170625 0.29855440864
82174.503107 0.299947474991
82272.776306 0.299942330714
82372.728607 0.300783809759
82468.884902 0.30104942512
82568.539006 0.29935234921
82668.61644 0.297853601321
82764.638155 0.298156318367
82861.70199 0.29725069774
82958.802704 0.29747582518
83052.757495 0.297684053805
83147.217933 0.300294112652
83241.12707 0.305635725414
83333.485337 0.308285309145
83426.851945 0.311060935347
83521.52027 0.313402940462
83616.407593 0.316265280252
83712.146724 0.315872992291
83807.786955 0.313430215082
83900.753682 0.31433872508
83993.725424 0.315847143971
84086.351154 0.315132936001
84178.83279 0.311726119454
84269.866952 0.307931428959
84359.915935 0.305810300476
84449.947122 0.302284962542
84538.583725 0.298153438257
84626.650539 0.293180515937
84712.319147 0.293365191598
84799.932375 0.29336753272
84888.120424 0.294241152704
84979.39267 0.295527444048
85070.497363 0.295998786438
85161.296736 0.297025655693
85252.502392 0.297810162471
85343.053709 0.297780225923
85435.164238 0.298417904088
85523.4867 0.298183604658
85613.787609 0.296137894764
85701.870568 0.295031593727
85790.778055 0.293418328793
85878.765819 0.291993926165
85968.508528 0.29033217505
86058.795859 0.289757391335
86146.535821 0.28933016799
86233.599381 0.290739568775
86322.034101 0.291171738032
86413.056267 0.292101607131
