82974.356069 0.0007574558258056641
19947.426507 0.0010759830474853516
3754.527062 0.0011153221130371094
72837.034839 0.0011398792266845703
71019.678793 0.0011577606201171875
21842.430073 0.0011718273162841797
5612.159104 0.0011832714080810547
15794.922036 0.0011930465698242188
83206.258932 0.0012013912200927734
49.682133 0.0012090206146240234
29181.307269 0.0012156963348388672
74719.443268 0.0012216567993164062
56331.711484 0.0012273788452148438
85752.101786 0.0012323856353759766
58121.331954 0.0012373924255371094
65829.164978 0.001241922378540039
66951.451524 0.0012462139129638672
66463.403924 0.0012502670288085938
79284.015795 0.0012540817260742188
3611.877391 0.0012578964233398438
34588.538748 0.0012614727020263672
66141.661297 0.001264810562133789
4175.368731 0.001268148422241211
69265.722061 0.0012712478637695312
67443.076931 0.0012743473052978516
2941.558148 0.0012774467468261719
58019.898906 0.0012803077697753906
57162.941630 0.0012831687927246094
13071.455352 0.0012860298156738281
50745.595006 0.0012886524200439453
63680.544508 0.0012912750244140625
66577.146037 0.0012938976287841797
30357.614613 0.0012965202331542969
76704.270781 0.0012989044189453125
21244.097486 0.0013015270233154297
50359.412333 0.0013039112091064453
53577.934877 0.001306295394897461
29817.063617 0.0013086795806884766
85289.695292 0.0013108253479003906
74925.848512 0.0013132095336914062
33578.922297 0.0013155937194824219
75471.318337 0.001317739486694336
22169.015379 0.0013201236724853516
5800.920938 0.0013222694396972656
66906.624927 0.0013244152069091797
73581.394374 0.0013265609741210938
77967.872392 0.0013287067413330078
81304.948741 0.0013308525085449219
80051.268826 0.001332998275756836
81614.498110 0.00133514404296875
76491.011938 0.001337289810180664
74232.250433 0.0013394355773925781
63231.888000 0.0013415813446044922
26060.173965 0.0013437271118164062
11289.460880 0.0013458728790283203
71791.812182 0.0013477802276611328
45855.477258 0.0013499259948730469
10151.549709 0.001352071762084961
6059.167407 0.0013539791107177734
16457.892419 0.0013561248779296875
6945.774113 0.0013580322265625
23112.213379 0.001360177993774414
6589.663498 0.0013620853424072266
23862.205949 0.0013642311096191406
68049.996584 0.0013661384582519531
1979.249516 0.0013682842254638672
62413.828101 0.0013701915740966797
83539.057009 0.0013720989227294922
37849.462944 0.0013742446899414062
66865.777353 0.0013761520385742188
79784.569711 0.0013780593872070312
20225.186079 0.0013802051544189453
41827.419391 0.0013821125030517578
58679.716505 0.0013840198516845703
70984.024337 0.0013859272003173828
74869.561563 0.0013878345489501953
76211.638010 0.0013897418975830078
73007.807851 0.0013916492462158203
62176.108051 0.0013935565948486328
31290.570188 0.0013954639434814453
12884.010081 0.0013973712921142578
67873.117697 0.0013990402221679688
43741.037249 0.0014009475708007812
22698.687938 0.0014028549194335938
84818.140932 0.0014045238494873047
64997.936525 0.0014064311981201172
27831.039775 0.0014083385467529297
78289.202736 0.0014100074768066406
21199.831928 0.0014119148254394531
2768.334935 0.001413583755493164
21976.795199 0.001415252685546875
77541.072504 0.0014166831970214844
41581.462074 0.0014183521270751953
67759.062447 0.0014197826385498047
13308.572103 0.0014214515686035156
30590.617282 0.001422882080078125
49287.108483 0.0014243125915527344
70590.040264 0.0014257431030273438
12854.425440 0.0014274120330810547
43508.467098 0.001428842544555664
74801.054797 0.0014302730560302734
38042.796049 0.0014319419860839844
77851.383150 0.0014333724975585938
41658.760408 0.0014350414276123047
76622.777394 0.001436471939086914
35338.118046 0.001438140869140625
65660.332412 0.0014395713806152344
13018.187821 0.0014412403106689453
4105.522081 0.0014426708221435547
79334.137648 0.001444101333618164
43164.109791 0.001445770263671875
75567.069362 0.0014472007751464844
39809.895294 0.0014488697052001953
8330.680055 0.0014503002166748047
50584.484648 0.0014519691467285156
12030.397329 0.0014536380767822266
61428.381902 0.001455068588256836
29287.531149 0.0014567375183105469
73052.536653 0.0014581680297851562
43416.288528 0.0014598369598388672
14287.819773 0.0014615058898925781
68233.039870 0.0014629364013671875
33281.098037 0.0014646053314208984
76872.388091 0.0014660358428955078
45883.403479 0.0014677047729492188
86144.980626 0.0014691352844238281
58115.496399 0.001470804214477539
29118.446164 0.00147247314453125
75592.068079 0.0014739036560058594
56324.410511 0.0014755725860595703
27281.232538 0.0014772415161132812
84425.848512 0.0014786720275878906
68547.364742 0.0014803409576416016
57715.452837 0.0014820098876953125
3634.794007 0.0014836788177490234
21144.587550 0.0014853477478027344
80942.331913 0.0014867782592773438
67930.814834 0.0014884471893310547
54470.016112 0.0014901161193847656
38277.829633 0.0014917850494384766
2885.828612 0.0014934539794921875
19824.445131 0.0014951229095458984
10759.786550 0.0014967918395996094
79282.180905 0.0014982223510742188
71662.875448 0.0014998912811279297
65474.275245 0.0015015602111816406
68096.775926 0.0015032291412353516
68075.830715 0.0015048980712890625
7592.272341 0.0015065670013427734
85632.746833 0.0015082359313964844
22320.750596 0.0015101432800292969
37005.462062 0.0015118122100830078
53325.576456 0.0015134811401367188
73888.445562 0.0015151500701904297
11418.885176 0.0015170574188232422
43354.179451 0.0015187263488769531
74081.592767 0.001520395278930664
28522.545057 0.0015223026275634766
71201.805587 0.0015239715576171875
35547.067091 0.00152587890625
9307.304682 0.001527547836303711
67181.959288 0.0015294551849365234
50348.349593 0.001531362533569336
38630.273373 0.0015332698822021484
3181.837113 0.001535177230834961
31616.264654 0.0015370845794677734
41370.917403 0.001538991928100586
52291.226341 0.0015408992767333984
66784.223392 0.001542806625366211
16029.148660 0.001544952392578125
42455.484196 0.0015468597412109375
84347.714839 0.00154876708984375
50059.606174 0.001550912857055664
28032.185285 0.0015530586242675781
23526.540338 0.0015552043914794922
942.423272 0.0015571117401123047
6998.302253 0.0015592575073242188
6873.203187 0.0015614032745361328
74634.098607 0.0015635490417480469
18530.510545 0.0015659332275390625
58099.178393 0.0015680789947509766
17621.794242 0.0015704631805419922
72198.685897 0.0015726089477539062
45793.208035 0.0015749931335449219
34668.154591 0.0015773773193359375
34475.729832 0.0015797615051269531
38274.783767 0.0015821456909179688
67596.551995 0.0015845298767089844
30295.995041 0.0015871524810791016
84829.318269 0.0015895366668701172
56542.105011 0.0015921592712402344
49741.716705 0.0015947818756103516
60509.511598 0.0015974044799804688
9376.244019 0.001600027084350586
32213.530470 0.0016028881072998047
66577.291012 0.0016055107116699219
58800.663712 0.0016083717346191406
53930.494053 0.0016112327575683594
76613.356699 0.0016140937805175781
38461.774918 0.0016171932220458984
11498.016114 0.0016202926635742188
76402.723286 0.0016231536865234375
25817.867050 0.0016264915466308594
54563.050980 0.0016295909881591797
33654.483083 0.0016329288482666016
4461.464799 0.0016362667083740234
81930.884889 0.0016396045684814453
50837.869125 0.0016431808471679688
44061.958647 0.0016467571258544922
72286.912504 0.0016503334045410156
51570.381083 0.0016541481018066406
71328.277354 0.0016579627990722656
44746.333052 0.0016620159149169922
62128.554111 0.0016660690307617188
39446.198087 0.0016703605651855469
69961.378937 0.001674652099609375
60960.324628 0.0016791820526123047
19693.108253 0.001683950424194336
39914.460513 0.0016887187957763672
44825.367926 0.0016937255859375
31767.875042 0.0016989707946777344
43079.761370 0.0017042160034179688
83534.166131 0.0017096996307373047
44717.143607 0.0017156600952148438
24907.742443 0.0017218589782714844
19590.141958 0.0017282962799072266
79461.604645 0.0017347335815429688
42254.346047 0.0017418861389160156
12655.364237 0.001749277114868164
25876.083428 0.001756906509399414
43216.333587 0.0017647743225097656
74892.971106 0.0017728805541992188
21531.985801 0.0017817020416259766
76148.881481 0.0017905235290527344
84647.263573 0.0017998218536376953
60880.479134 0.0018095970153808594
68623.254031 0.001819610595703125
78069.727905 0.0018301010131835938
62382.038885 0.0018410682678222656
4832.161084 0.0018525123596191406
41968.420495 0.0018641948699951172
67391.761074 0.0018763542175292969
12747.158927 0.0018892288208007812
6601.759189 0.0019021034240722656
56637.237354 0.0019156932830810547
843.511198 0.0019297599792480469
54844.228987 0.0019443035125732422
27672.027071 0.001959562301635742
77565.103516 0.0019752979278564453
85035.735240 0.0019915103912353516
56327.991306 0.002008676528930664
78876.416039 0.0020263195037841797
51259.144325 0.0020449161529541016
49469.317816 0.0020644664764404297
12718.057306 0.002084970474243164
30846.318000 0.0021059513092041016
82773.407839 0.002128124237060547
71951.546611 0.0021517276763916016
17822.336460 0.0021774768829345703
17529.534601 0.0022039413452148438
10406.601503 0.002232074737548828
84608.927072 0.0022618770599365234
73737.889260 0.002293825149536133
71384.448565 0.002327442169189453
12404.676714 0.002362489700317383
30488.197201 0.002399444580078125
34431.312704 0.0024373531341552734
78614.899353 0.002478361129760742
49575.321394 0.0025217533111572266
78137.752768 0.002563953399658203
14216.318617 0.0026078224182128906
2636.779123 0.002652883529663086
20412.330034 0.002699136734008789
1665.904415 0.0027446746826171875
14357.313458 0.002789735794067383
9191.872768 0.0028362274169921875
77259.386306 0.002884387969970703
71662.249317 0.0029325485229492188
73735.422817 0.0029821395874023438
24420.141496 0.003033161163330078
33475.703355 0.003084421157836914
63303.349013 0.0031354427337646484
85272.129656 0.0031862258911132812
414.382797 0.003237009048461914
76732.401015 0.0032880306243896484
16457.745366 0.003340005874633789
83024.994482 0.003392457962036133
80282.183215 0.0034456253051757812
57754.527044 0.003499746322631836
50728.419752 0.003555774688720703
61103.152869 0.003614664077758789
21067.325010 0.003670930862426758
60257.695948 0.0037262439727783203
25786.238034 0.003782987594604492
25545.741556 0.003836393356323242
83922.412507 0.0038878917694091797
6926.193168 0.003941059112548828
72187.639012 0.0039958953857421875
70270.875925 0.00405120849609375
68342.420383 0.004107952117919922
63584.992143 0.004164934158325195
83440.770101 0.004221916198730469
71874.752820 0.004278421401977539
6499.702658 0.004334449768066406
22764.945067 0.00439143180847168
25285.407985 0.004448413848876953
55418.917308 0.00450587272644043
70548.120078 0.004563808441162109
80241.595397 0.004623889923095703
17263.057434 0.0046863555908203125
81146.781466 0.004748344421386719
61868.500489 0.004807233810424805
80632.803344 0.0048677921295166016
737.288225 0.0049250125885009766
24574.909623 0.004979372024536133
59474.332743 0.005034446716308594
36035.309523 0.005091190338134766
85136.268705 0.0051496028900146484
83522.726059 0.005209684371948242
17638.794364 0.005270957946777344
62310.126568 0.005333900451660156
68927.614448 0.005402088165283203
71706.186323 0.005484342575073242
85337.335055 0.00558924674987793
20994.907907 0.005720615386962891
8733.717336 0.005864858627319336
79101.899918 0.006002187728881836
80707.560572 0.00613093376159668
18306.073748 0.0062711238861083984
11309.096161 0.00642704963684082
78772.381094 0.006591320037841797
18568.820005 0.00677180290222168
12291.667176 0.00696563720703125
79592.381187 0.007151126861572266
78085.129503 0.007332563400268555
79429.319340 0.007524967193603516
56493.529239 0.00771331787109375
26869.657464 0.007909297943115234
14594.695065 0.008113622665405273
68934.654203 0.008306503295898438
32193.951971 0.00850534439086914
82759.582137 0.008711814880371094
61683.848116 0.008928775787353516
70572.972059 0.009159326553344727
13576.946250 0.009406805038452148
68414.094118 0.009723901748657227
17030.724848 0.010083198547363281
22497.065782 0.010473251342773438
10258.087042 0.010856389999389648
20165.707354 0.011256217956542969
10986.528491 0.011661052703857422
6297.577816 0.012065649032592773
13186.145087 0.012496471405029297
8220.654892 0.012898683547973633
16960.051068 0.013280391693115234
22109.494593 0.013678789138793945
68402.377752 0.01406407356262207
6577.058807 0.01442098617553711
17299.803026 0.0147857666015625
85160.775900 0.01513361930847168
1191.052076 0.015494585037231445
15500.146793 0.015908002853393555
73342.109777 0.01634073257446289
82019.298968 0.01676321029663086
26556.123596 0.017139911651611328
75511.404151 0.017465829849243164
1540.186162 0.017752408981323242
3143.121001 0.01800084114074707
50060.553367 0.018208026885986328
58695.569759 0.018396377563476562
83063.784464 0.018572330474853516
52236.302594 0.018738746643066406
74188.593300 0.018901824951171875
60194.046669 0.019059419631958008
3993.499544 0.019208908081054688
12266.075629 0.019350528717041016
58722.326528 0.019487857818603516
27983.668897 0.019622325897216797
23548.650760 0.01975536346435547
62624.316229 0.019886493682861328
43221.015230 0.0200197696685791
69125.417398 0.020151615142822266
56484.093587 0.02028346061706543
52889.615213 0.020412445068359375
71549.850885 0.02053999900817871
6176.326805 0.02066946029663086
57640.227857 0.020799636840820312
21962.616094 0.020929813385009766
40380.111554 0.02106189727783203
13562.286632 0.021198034286499023
80084.972031 0.02133345603942871
53535.103015 0.021469831466674805
32423.679888 0.021608829498291016
25064.012308 0.021752595901489258
57702.393161 0.021900177001953125
47768.392052 0.022053956985473633
30697.512849 0.022215604782104492
69227.345482 0.02238297462463379
82874.963058 0.022553682327270508
39810.262839 0.022732019424438477
74639.910985 0.022911787033081055
18601.078619 0.023090124130249023
61104.528630 0.023271560668945312
84014.032979 0.023449420928955078
82601.966056 0.02362513542175293
58552.275898 0.023797273635864258
33820.408557 0.02396559715270996
32716.316179 0.024130582809448242
4212.313282 0.0242922306060791
33113.293237 0.024448871612548828
1364.166035 0.02460193634033203
36302.196254 0.024746417999267578
52281.562798 0.024884462356567383
69796.908487 0.025022029876708984
70858.857941 0.02515387535095215
28446.196968 0.02528095245361328
43382.590239 0.025405406951904297
77896.445584 0.025527000427246094
73134.968921 0.02564859390258789
45328.138241 0.025767803192138672
78833.611738 0.025882959365844727
37682.312674 0.025997161865234375
57024.586285 0.026110410690307617
71010.985391 0.026224136352539062
2879.475304 0.0263364315032959
82670.362036 0.026450634002685547
65536.714653 0.0265655517578125
75497.340025 0.026683330535888672
59116.836280 0.026804208755493164
85798.225848 0.02692270278930664
19284.023581 0.02704310417175293
59540.147820 0.027161836624145508
63911.800120 0.027280569076538086
3018.837024 0.027397632598876953
68645.511706 0.027512073516845703
6458.228147 0.027626752853393555
26944.640168 0.027740478515625
43514.850997 0.027854204177856445
26146.962287 0.027967214584350586
47511.195085 0.02807760238647461
30597.186046 0.02818584442138672
74495.727690 0.02829146385192871
47050.661357 0.028398752212524414
13291.609105 0.028505325317382812
29859.133073 0.028609514236450195
34482.399917 0.028714895248413086
11170.436074 0.028820037841796875
41892.941208 0.02892446517944336
511.768075 0.02902817726135254
5006.939583 0.029129743576049805
8009.257015 0.029227495193481445
71945.206844 0.029325008392333984
56429.538838 0.02942180633544922
73520.611934 0.02951502799987793
26882.866230 0.02960801124572754
65212.599436 0.029699087142944336
17119.583055 0.029789447784423828
35757.628027 0.029877424240112305
32768.062252 0.029964923858642578
37732.277506 0.030050992965698242
73492.553404 0.030134201049804688
49053.025784 0.03021550178527832
39528.647242 0.030293703079223633
68913.569058 0.030371665954589844
41353.002119 0.03044867515563965
77065.302166 0.030524015426635742
60016.289015 0.030598163604736328
76147.671025 0.030671119689941406
51560.709394 0.030742406845092773
3310.399106 0.030814170837402344
251.848757 0.030884504318237305
72159.740645 0.03095412254333496
1780.087680 0.031024694442749023
19779.290922 0.031093835830688477
8035.964309 0.03116154670715332
60455.138935 0.03122997283935547
84292.509096 0.031295061111450195
35147.119887 0.03136014938354492
34029.546370 0.03142404556274414
64569.169892 0.03148770332336426
71578.682108 0.03155064582824707
39209.455530 0.03161215782165527
51212.217666 0.03167438507080078
71630.268497 0.03173661231994629
21818.511047 0.03179788589477539
16285.546965 0.03185915946960449
47816.032321 0.031920433044433594
75751.142918 0.0319821834564209
28150.514256 0.0320439338684082
2039.440822 0.03210568428039551
83733.710078 0.03216719627380371
24413.527351 0.03222918510437012
34871.452682 0.032291412353515625
5357.781034 0.032353878021240234
84604.832553 0.032416343688964844
57544.754339 0.03247809410095215
9663.067202 0.032540321350097656
73605.957520 0.032602787017822266
8208.513862 0.032665252685546875
79721.688590 0.032726287841796875
45471.438576 0.032790184020996094
29002.702034 0.03285360336303711
37778.010447 0.03291726112365723
58203.014087 0.032981157302856445
50730.948340 0.03304600715637207
42493.426434 0.0331110954284668
38196.935394 0.03317689895629883
48265.213040 0.03324317932128906
25372.793903 0.03331112861633301
1642.280166 0.03337836265563965
29750.420560 0.033446311950683594
51902.060256 0.03351473808288574
49074.576413 0.033582210540771484
72239.617083 0.033651113510131836
58546.042060 0.0337214469909668
47625.489147 0.03379058837890625
33529.985502 0.033860206604003906
49397.479055 0.03392982482910156
12539.729938 0.03400015830993652
40236.778173 0.034070730209350586
6273.218854 0.03414154052734375
27112.563834 0.03421449661254883
9033.789341 0.0342860221862793
10155.099598 0.03435945510864258
46392.201436 0.034433603286743164
8667.203657 0.03450775146484375
74965.232377 0.03458142280578613
2982.690072 0.03465604782104492
6517.424023 0.03473186492919922
67878.978126 0.03480935096740723
86300.582240 0.034886837005615234
53529.348122 0.03496718406677246
24166.852251 0.03504753112792969
49240.637539 0.03512930870056152
10613.431550 0.03521156311035156
59822.219094 0.035295724868774414
75042.607074 0.035382747650146484
73508.474328 0.03547215461730957
77745.732885 0.03556251525878906
73133.364164 0.03565502166748047
80644.964231 0.035748958587646484
15463.505142 0.03584623336791992
77607.747552 0.03594470024108887
80094.611512 0.03604698181152344
51139.116029 0.03615307807922363
9161.940299 0.03626227378845215
26160.419918 0.036374807357788086
58745.349308 0.03649306297302246
52937.368135 0.03661394119262695
23763.788065 0.03673815727233887
29505.500550 0.03686690330505371
61046.756330 0.036997079849243164
50457.691857 0.03713178634643555
84386.175979 0.03726840019226074
65649.798036 0.03740739822387695
20159.798712 0.03754878044128418
57570.029234 0.037694454193115234
18867.812541 0.037842750549316406
66292.306336 0.03799176216125488
287.559924 0.03814196586608887
6763.045892 0.03829383850097656
50918.662255 0.03844881057739258
69147.738933 0.038604736328125
7949.802870 0.03875994682312012
7748.558642 0.038918495178222656
31962.859769 0.03907632827758789
59686.412761 0.03923606872558594
74453.030506 0.03939628601074219
72818.200016 0.03955268859863281
718.776595 0.03970980644226074
16027.050925 0.039864540100097656
76359.479550 0.04001784324645996
3594.300589 0.040170907974243164
13816.120620 0.04032278060913086
15364.118922 0.040471553802490234
53199.743840 0.04062151908874512
7594.713058 0.04076886177062988
23349.681053 0.04091644287109375
83086.637455 0.04106593132019043
2109.260440 0.0412135124206543
66061.538775 0.04136061668395996
42107.324083 0.041506290435791016
60837.065492 0.04165196418762207
64677.665146 0.04179859161376953
5196.976416 0.04194283485412598
28631.721817 0.04208850860595703
28783.029309 0.04223275184631348
22867.333223 0.04237651824951172
17750.972233 0.04251742362976074
84542.288998 0.04266047477722168
45820.168615 0.0428013801574707
66048.474572 0.04294013977050781
6499.597790 0.04308032989501953
2512.246240 0.04322099685668945
65347.591589 0.04336071014404297
80637.968080 0.04349851608276367
29394.720655 0.04363822937011719
32440.005747 0.043779611587524414
52274.094748 0.04391646385192871
27105.987699 0.04405379295349121
8806.617365 0.0441896915435791
48986.999028 0.044324636459350586
77940.476290 0.04446220397949219
84362.653120 0.044599056243896484
13650.297963 0.04473519325256348
27034.243984 0.04487133026123047
72798.636047 0.04500603675842285
37083.446526 0.04514265060424805
19060.914104 0.045282602310180664
24725.134376 0.04542040824890137
31665.926029 0.04555797576904297
3574.900042 0.04569578170776367
44341.051189 0.04583311080932617
78577.149063 0.04597067832946777
796.825082 0.04610776901245117
24861.911603 0.04624438285827637
52932.787432 0.04638195037841797
61692.667937 0.04652047157287598
78309.007296 0.046659231185913086
7821.853995 0.046796321868896484
3746.915677 0.04693412780761719
1590.043628 0.04707217216491699
78328.167767 0.047208547592163086
58366.374475 0.04734635353088379
47244.567236 0.0474848747253418
9399.489263 0.04762458801269531
15692.135435 0.047762393951416016
5226.757302 0.04790234565734863
70512.556056 0.048043012619018555
1481.331916 0.048183441162109375
67243.343326 0.04832100868225098
8580.907371 0.04846072196960449
49565.010387 0.0485997200012207
4231.370116 0.04873919486999512
32395.033209 0.04887795448303223
52116.501854 0.04901695251464844
9893.581574 0.049155473709106445
23831.249011 0.04929327964782715
68259.275944 0.04943275451660156
67898.632771 0.04957175254821777
75301.978437 0.04971146583557129
55694.641266 0.04985213279724121
52395.252458 0.049993038177490234
72531.855769 0.05013251304626465
23.142059 0.050272226333618164
76418.893760 0.05041146278381348
50628.206301 0.05055069923400879
8851.302733 0.0506899356842041
45629.906909 0.050830841064453125
20045.550086 0.050971031188964844
24650.888231 0.05111122131347656
21221.941392 0.05125093460083008
33061.999324 0.051390647888183594
59580.990410 0.051532745361328125
52758.947702 0.05167365074157715
58139.901865 0.05181598663330078
72287.131353 0.0519556999206543
4347.268469 0.05209684371948242
8664.107240 0.05223822593688965
11107.824398 0.05238080024719238
3086.654294 0.05252218246459961
20359.414078 0.052664995193481445
45822.330408 0.052805423736572266
23644.524359 0.052947998046875
12196.635904 0.053092241287231445
83720.332741 0.05323624610900879
25916.503699 0.05337953567504883
60175.089367 0.05352354049682617
24571.085187 0.05366778373718262
40889.853665 0.05381274223327637
82342.959538 0.05395627021789551
58836.569789 0.05410027503967285
72928.005470 0.05424785614013672
19815.349217 0.05439138412475586
60786.361151 0.0545346736907959
14620.541080 0.054680585861206055
8677.982765 0.05482649803161621
77651.136720 0.05497121810913086
56488.323413 0.055117130279541016
29469.718119 0.05526423454284668
51683.469896 0.05541276931762695
10837.535275 0.05556058883666992
16155.479317 0.0557098388671875
7168.212870 0.05585908889770508
82222.037399 0.05600905418395996
76663.726003 0.056160926818847656
61407.165219 0.056311845779418945
28504.933465 0.05646324157714844
22355.547042 0.056613922119140625
62579.669709 0.056765079498291016
3749.616035 0.056917667388916016
6470.635873 0.057071685791015625
1011.271168 0.057227134704589844
76713.316268 0.05738186836242676
34816.915054 0.057537078857421875
26818.687676 0.057692766189575195
11058.436783 0.057851314544677734
60355.522817 0.05800962448120117
76780.019748 0.0581667423248291
1183.627921 0.05832481384277344
76058.492067 0.05848240852355957
37117.880144 0.058641672134399414
25589.922830 0.05879855155944824
62022.133882 0.05895638465881348
40107.019032 0.059116363525390625
10755.921670 0.05927586555480957
484.474249 0.059439897537231445
606.380302 0.05960679054260254
47138.238346 0.059773921966552734
81640.626557 0.05994391441345215
62390.670048 0.06011319160461426
16419.607062 0.060283660888671875
8591.739620 0.06045365333557129
5224.080149 0.06062602996826172
51999.075188 0.060797691345214844
9718.872001 0.06097245216369629
61552.379706 0.061148881912231445
60382.954464 0.06132817268371582
52231.331898 0.06150937080383301
84682.645602 0.06168937683105469
26809.800725 0.06187152862548828
44488.602586 0.06205487251281738
15352.696356 0.06223654747009277
22156.059411 0.062421560287475586
33329.310062 0.06260538101196289
10669.495336 0.06279206275939941
68473.931152 0.06297707557678223
16504.434661 0.06316351890563965
56899.669125 0.0633540153503418
26533.068610 0.06354570388793945
80665.700713 0.06373906135559082
34688.666910 0.0639338493347168
4949.383040 0.06413030624389648
26809.834353 0.06432843208312988
58708.449003 0.06452727317810059
70563.391296 0.0647287368774414
84413.823538 0.06493163108825684
22280.731465 0.06513714790344238
56635.895962 0.06534242630004883
7512.129401 0.0655510425567627
80350.983520 0.06575965881347656
83364.478610 0.06596946716308594
5201.314535 0.06617903709411621
27074.669107 0.06638860702514648
49685.891189 0.06659746170043945
18819.047086 0.06680822372436523
51571.709089 0.06701874732971191
27224.602149 0.0672295093536377
3051.377068 0.06744503974914551
41453.513777 0.0676579475402832
155.520540 0.06787562370300293
60929.791124 0.06809377670288086
31242.879964 0.06831550598144531
68897.830703 0.06853747367858887
62836.008291 0.06876039505004883
69183.852149 0.06898260116577148
54205.308910 0.06920742988586426
20536.496055 0.06943154335021973
14544.960773 0.0696554183959961
7614.700436 0.06988215446472168
32019.400330 0.07011127471923828
8180.601614 0.07033801078796387
29608.846603 0.07056498527526855
24483.133976 0.07079458236694336
14383.492041 0.07102537155151367
12011.813011 0.07125329971313477
34625.699648 0.07148313522338867
80252.350882 0.07171463966369629
9201.115523 0.07194972038269043
56389.085174 0.07218360900878906
22692.992702 0.07242202758789062
21507.256108 0.0726633071899414
58443.701020 0.0729069709777832
66796.192542 0.0731513500213623
72477.537522 0.0733942985534668
46453.691536 0.07364320755004883
43405.835084 0.07389092445373535
21331.521766 0.07413840293884277
67734.550672 0.07438850402832031
74486.806139 0.07463788986206055
58041.047532 0.0748906135559082
14686.328702 0.07514476776123047
80109.298789 0.07539749145507812
22976.714171 0.07565498352050781
63781.989039 0.07591485977172852
82617.969409 0.07617592811584473
14567.702512 0.07644033432006836
78557.202590 0.0767052173614502
15705.799565 0.07697367668151855
42082.190227 0.07724118232727051
73042.141082 0.07750916481018066
16402.638050 0.07778191566467285
57887.501823 0.07805418968200684
1239.553404 0.07833194732666016
79423.403087 0.0786123275756836
6827.701052 0.0788869857788086
21718.622785 0.07916522026062012
79028.243066 0.07944107055664062
13571.089827 0.0797266960144043
28074.244323 0.0800175666809082
70763.673138 0.0803079605102539
16955.425928 0.080596923828125
5356.547076 0.08088803291320801
9339.015464 0.08118057250976562
71369.119495 0.08147859573364258
31827.319718 0.08178186416625977
58248.963362 0.08208227157592773
47902.426106 0.0823822021484375
18608.231638 0.08268404006958008
75834.473627 0.08298826217651367
12397.137966 0.08330011367797852
67099.472714 0.08360719680786133
82961.606309 0.0839238166809082
59870.725255 0.0842440128326416
78092.019974 0.08456540107727051
22547.107205 0.08489012718200684
77993.204037 0.08521866798400879
65558.193905 0.08554768562316895
78301.011618 0.08588504791259766
9545.463005 0.08622288703918457
62115.496870 0.08656644821166992
23018.990734 0.08690977096557617
13999.565037 0.08725214004516602
18304.443401 0.0876011848449707
57811.701469 0.08794999122619629
623.780683 0.08830857276916504
69548.706968 0.08866667747497559
76126.359359 0.0890350341796875
11502.698476 0.08940649032592773
70071.934548 0.08978104591369629
5389.855197 0.09016299247741699
76924.971164 0.09054136276245117
74312.378719 0.09092402458190918
26164.809246 0.09131050109863281
29801.066607 0.09170246124267578
22644.247051 0.09210681915283203
77738.062695 0.0925130844116211
62765.909883 0.09292125701904297
55157.661199 0.0933382511138916
11052.673478 0.0937657356262207
17422.133474 0.09418964385986328
1256.969326 0.0946197509765625
82330.277325 0.09505796432495117
26717.140801 0.09549570083618164
33017.357144 0.09593892097473145
8560.841795 0.09639477729797363
62159.039030 0.09685564041137695
82807.179887 0.0973200798034668
61841.121145 0.09778571128845215
36850.929599 0.09825706481933594
70397.502972 0.09873414039611816
81569.652410 0.09921646118164062
67451.920100 0.09969973564147949
3086.859868 0.10019397735595703
43125.056999 0.10069775581359863
40300.270562 0.10120534896850586
8446.336539 0.1017153263092041
60207.933523 0.1022334098815918
80669.472179 0.10275721549987793
28251.589589 0.10329246520996094
72934.857928 0.1038198471069336
69987.431259 0.10436606407165527
69636.077825 0.10492444038391113
71194.430103 0.10548281669616699
45929.448870 0.10605120658874512
67460.787711 0.10662627220153809
79776.550176 0.10721254348754883
77438.611032 0.10779881477355957
66791.359289 0.10839653015136719
51590.724135 0.10900449752807617
30459.185405 0.10962581634521484
64353.714602 0.11025309562683105
9201.769306 0.1108853816986084
2225.826347 0.11153054237365723
85117.233462 0.1121823787689209
80256.528579 0.11284875869750977
76380.922269 0.11352014541625977
61077.324303 0.11420917510986328
80547.476132 0.11490297317504883
6699.639834 0.11560702323913574
82799.772897 0.11633086204528809
4716.092465 0.11706709861755371
17155.272745 0.11780810356140137
81184.624240 0.11855745315551758
69198.454040 0.11932158470153809
67332.677892 0.12010622024536133
13365.336022 0.12090182304382324
18625.183226 0.12172865867614746
75870.362396 0.12255120277404785
73242.815582 0.12339043617248535
19496.525884 0.12424612045288086
81734.598626 0.1251211166381836
7178.346233 0.12601184844970703
42029.362317 0.126922607421875
74134.664580 0.12782907485961914
86290.807512 0.12877821922302246
78337.853793 0.12972259521484375
56916.676711 0.13069415092468262
74694.732206 0.1316697597503662
70757.136136 0.13268399238586426
44074.060910 0.13373637199401855
84534.234585 0.1347970962524414
84472.467178 0.13586807250976562
980.129847 0.13698792457580566
12665.794862 0.13811683654785156
71284.550030 0.13929009437561035
74524.071924 0.1404883861541748
5652.343500 0.1417245864868164
78382.780941 0.14297699928283691
6983.288039 0.14423775672912598
30509.444729 0.14554309844970703
70075.123054 0.14688897132873535
78503.846582 0.14827895164489746
15470.971456 0.14969396591186523
79990.636997 0.15115690231323242
20192.679198 0.15267062187194824
39243.537003 0.15420937538146973
79823.468764 0.15579986572265625
18003.375000 0.15745878219604492
105.350097 0.15918588638305664
18766.756123 0.16092944145202637
35566.224543 0.16274237632751465
66936.122887 0.16465044021606445
72907.911694 0.16663265228271484
69322.068153 0.16869115829467773
85023.928046 0.17080068588256836
62214.033820 0.17303705215454102
15084.502476 0.17534661293029785
19097.577787 0.1777818202972412
71589.574035 0.18030285835266113
75290.318421 0.18294811248779297
9293.503675 0.18574833869934082
72215.617553 0.18868350982666016
80606.417756 0.19174599647521973
64603.582081 0.1949775218963623
19914.448075 0.19839096069335938
2202.313888 0.20206475257873535
84239.826552 0.20589423179626465
79742.597630 0.20996451377868652
69938.473728 0.21437668800354004
66994.236309 0.21903419494628906
13065.053280 0.22397875785827637
77513.057125 0.2292463779449463
75737.499761 0.23487424850463867
80601.244624 0.24091076850891113
51199.524661 0.2473587989807129
2895.417490 0.254183292388916
27461.885019 0.26151180267333984
6208.265140 0.2692580223083496
14440.732612 0.27763938903808594
69155.410031 0.28656625747680664
13941.878464 0.296001672744751
43146.021981 0.30602550506591797
76567.415455 0.31694841384887695
75029.310075 0.3285961151123047
17026.416632 0.34134340286254883
62877.379707 0.35507798194885254
64663.864224 0.3701202869415283
82688.946006 0.38662242889404297
17984.826765 0.4048163890838623
84939.350080 0.4251401424407959
80247.880267 0.4478774070739746
29685.200128 0.47437286376953125
76885.998357 0.5049219131469727
4237.700889 0.542086124420166
80316.599045 0.5891799926757812
85848.486047 0.6523010730743408
71179.086559 0.7433481216430664
26087.928366 0.8852314949035645
56809.501037 1.1032805442810059
5367.272176 1.4076263904571533
80431.232802 1.7543420791625977
19008.218830 2.0955238342285156
17055.908475 2.4054336547851562
22704.139072 2.683607339859009
18431.531506 2.932169198989868
17295.754325 3.154026746749878
8481.802900 3.3572442531585693
62711.023801 3.5511159896850586
70261.658678 3.730306386947632
85741.380937 3.8993306159973145
16384.556328 4.060814619064331
4221.377090 4.218431234359741
65528.490141 4.370624780654907
21571.260303 4.519690275192261
16684.105641 4.66748046875
83474.515790 4.813465595245361
80737.244869 4.964255094528198
78384.860344 5.11193323135376
9839.270174 5.264026403427124
24736.907176 5.431039094924927
16358.357162 5.615983963012695
24279.035168 5.825199604034424
73236.118279 6.065276384353638
20559.781054 6.381830930709839
11816.289721 6.861868858337402
3154.591294 10.16992974281311
19255.304670 1000
67156.328321 1000
79753.341276 1000
9408.681023 1000
