75726.791640 0.0008485317230224609
4711.187346 0.001180410385131836
71178.427649 0.0012226104736328125
3763.529460 0.0012459754943847656
43461.074660 0.0012617111206054688
47375.108114 0.0012736320495605469
71545.165520 0.0012831687927246094
18713.644769 0.0012912750244140625
29880.314907 0.0012981891632080078
10803.518490 0.0013043880462646484
8341.398954 0.0013096332550048828
877.562639 0.0013146400451660156
48254.931190 0.0013194084167480469
63021.046050 0.001323699951171875
62314.649105 0.0013277530670166016
43705.187754 0.0013315677642822266
25402.733284 0.00133514404296875
81308.351635 0.0013384819030761719
69705.986014 0.0013418197631835938
1229.027214 0.0013451576232910156
12186.880289 0.001348257064819336
50926.229307 0.0013511180877685547
6249.948851 0.0013539791107177734
46735.495983 0.0013568401336669922
82778.109393 0.0013594627380371094
14494.791480 0.0013623237609863281
22395.865142 0.0013649463653564453
11032.267076 0.0013675689697265625
69777.092337 0.0013699531555175781
16844.374184 0.0013725757598876953
49051.082133 0.001374959945678711
58885.210935 0.0013773441314697266
67377.083782 0.0013797283172607422
59976.353086 0.0013821125030517578
27616.320691 0.0013844966888427734
79805.638563 0.0013866424560546875
46339.680392 0.0013890266418457031
6958.736522 0.0013911724090576172
85693.078714 0.0013933181762695312
19626.077389 0.0013957023620605469
1602.858834 0.001397848129272461
73986.991349 0.0013997554779052734
59095.816717 0.0014019012451171875
26008.105752 0.0014040470123291016
8382.057052 0.001405954360961914
58505.972189 0.0014081001281738281
11741.369527 0.0014102458953857422
42781.380332 0.0014121532440185547
60144.593447 0.0014140605926513672
67178.082014 0.0014159679412841797
60938.553500 0.0014178752899169922
26968.111047 0.0014197826385498047
57768.497018 0.0014214515686035156
61602.381092 0.0014231204986572266
50266.494779 0.0014247894287109375
1631.122924 0.0014264583587646484
70741.028515 0.0014278888702392578
41513.411051 0.0014295578002929688
12896.610222 0.0014312267303466797
68430.232056 0.001432657241821289
28168.421216 0.001434326171875
69429.760063 0.0014357566833496094
23667.611065 0.0014374256134033203
63006.172327 0.0014388561248779297
19354.336851 0.0014405250549316406
65108.003325 0.00144195556640625
28003.978449 0.001443624496459961
74794.149645 0.0014450550079345703
3826.510055 0.0014467239379882812
9234.088495 0.0014481544494628906
5428.043423 0.0014498233795166016
14891.353807 0.0014514923095703125
68879.081084 0.0014529228210449219
31572.671311 0.0014545917510986328
74373.983030 0.0014560222625732422
31331.143847 0.0014576911926269531
70222.187146 0.0014591217041015625
20002.809950 0.0014607906341552734
47726.477039 0.0014622211456298828
73789.181316 0.0014636516571044922
2377.442269 0.0014653205871582031
50649.691079 0.0014667510986328125
72989.803359 0.0014681816101074219
15051.525293 0.0014698505401611328
29817.775064 0.0014712810516357422
49551.524485 0.0014727115631103516
64488.191961 0.001474142074584961
76253.012221 0.0014755725860595703
13857.048531 0.0014772415161132812
2696.511678 0.0014786720275878906
37591.861854 0.0014801025390625
46839.264081 0.0014815330505371094
50665.135146 0.0014829635620117188
48515.140555 0.0014843940734863281
55794.807513 0.0014858245849609375
56001.487115 0.0014872550964355469
45339.531941 0.0014886856079101562
4541.663170 0.0014901161193847656
42114.973346 0.001491546630859375
30725.020117 0.0014929771423339844
17764.000553 0.0014944076538085938
78548.003951 0.0014955997467041016
65554.128156 0.001497030258178711
4918.983509 0.0014984607696533203
25913.398280 0.0014998912811279297
83204.986375 0.0015010833740234375
65985.662814 0.0015025138854980469
40735.969082 0.0015039443969726562
17155.146834 0.0015053749084472656
76523.798189 0.0015065670013427734
51165.840044 0.0015079975128173828
22135.478388 0.0015094280242919922
73013.689140 0.0015106201171875
47215.511003 0.0015120506286621094
13433.536080 0.0015134811401367188
65766.163823 0.0015146732330322266
28518.751559 0.001516103744506836
77456.642020 0.0015172958374023438
49164.509060 0.0015187263488769531
16527.685310 0.0015201568603515625
65886.380487 0.0015213489532470703
27341.422204 0.0015227794647216797
73761.798500 0.0015239715576171875
46693.291975 0.0015254020690917969
13991.722543 0.0015268325805664062
64816.518033 0.001528024673461914
23205.123254 0.0015294551849365234
69033.308345 0.0015306472778320312
30363.573004 0.0015320777893066406
77179.811337 0.0015332698822021484
41328.814570 0.0015347003936767578
9742.182432 0.0015358924865722656
60983.857097 0.001537322998046875
25077.347051 0.0015387535095214844
74639.902453 0.0015399456024169922
45802.224650 0.0015413761138916016
13282.976301 0.001542806625366211
6067.712468 0.0015439987182617188
30615.575753 0.0015454292297363281
83463.371236 0.001546621322631836
58900.124002 0.0015480518341064453
29484.037563 0.0015494823455810547
83903.413692 0.0015506744384765625
59044.846642 0.0015521049499511719
2939.673295 0.0015535354614257812
85932.394320 0.001554727554321289
61391.373420 0.0015561580657958984
4047.914937 0.0015575885772705078
17736.674031 0.0015590190887451172
76168.602759 0.001560211181640625
54213.262515 0.0015616416931152344
30359.991781 0.0015630722045898438
19063.767684 0.0015645027160644531
83119.541042 0.001565694808959961
70787.750933 0.0015671253204345703
55552.430404 0.0015685558319091797
30642.528511 0.001569986343383789
13730.237127 0.0015714168548583984
80009.454479 0.0015726089477539062
69787.228510 0.0015740394592285156
63611.546332 0.001575469970703125
57545.426752 0.0015769004821777344
45834.541051 0.0015783309936523438
36234.991365 0.0015797615051269531
35677.416304 0.0015811920166015625
29365.093693 0.0015826225280761719
33373.216914 0.0015840530395507812
3285.373875 0.0015854835510253906
36660.417755 0.0015869140625
42719.310480 0.0015883445739746094
45216.982198 0.0015897750854492188
51642.814366 0.0015912055969238281
65018.321562 0.0015926361083984375
76280.394010 0.0015940666198730469
85852.891162 0.0015954971313476562
19516.939899 0.0015971660614013672
42340.728988 0.0015985965728759766
62676.756444 0.001600027084350586
86381.991653 0.0016014575958251953
29256.691767 0.0016031265258789062
63678.118174 0.0016045570373535156
13689.400739 0.0016062259674072266
44545.004852 0.001607656478881836
78622.704252 0.0016090869903564453
342.439535 0.0016107559204101562
70778.686116 0.0016121864318847656
3540.309754 0.0016138553619384766
7759.964216 0.001615285873413086
49829.435003 0.0016169548034667969
23931.960963 0.0016186237335205078
78998.942857 0.0016200542449951172
57438.109197 0.0016217231750488281
32577.004019 0.001623392105102539
19576.598659 0.00162506103515625
85891.379004 0.0016264915466308594
81706.120317 0.0016281604766845703
85307.266496 0.0016298294067382812
81836.364415 0.0016314983367919922
1233.341550 0.0016334056854248047
13675.770007 0.0016350746154785156
21443.331269 0.0016367435455322266
37058.923129 0.0016384124755859375
56810.438706 0.0016400814056396484
80444.086412 0.0016417503356933594
28646.197005 0.0016436576843261719
6571.359615 0.0016453266143798828
17716.645783 0.0016472339630126953
60670.925993 0.0016489028930664062
25609.212602 0.0016508102416992188
84838.500340 0.0016524791717529297
67708.571525 0.0016543865203857422
49596.759324 0.0016562938690185547
4476.325812 0.0016582012176513672
31907.143035 0.0016601085662841797
40956.509873 0.0016620159149169922
61383.158220 0.0016639232635498047
74364.963584 0.0016658306121826172
2627.058282 0.0016679763793945312
67492.023316 0.0016698837280273438
37385.146957 0.0016720294952392578
13975.621636 0.0016741752624511719
69655.276328 0.0016760826110839844
59125.604977 0.0016782283782958984
58646.152069 0.0016803741455078125
63421.837915 0.0016825199127197266
74571.011981 0.0016846656799316406
24939.570696 0.0016870498657226562
73743.034070 0.0016891956329345703
59292.871979 0.001691579818725586
49727.267499 0.0016939640045166016
55822.167609 0.0016963481903076172
75799.226667 0.0016987323760986328
17653.000215 0.00170135498046875
75297.778631 0.0017037391662597656
61219.116860 0.0017063617706298828
64709.714190 0.001708984375
74717.148928 0.0017116069793701172
26272.029471 0.001714468002319336
68368.999997 0.0017170906066894531
56298.100374 0.0017199516296386719
5681.210152 0.0017228126525878906
75359.984392 0.0017256736755371094
31832.504341 0.0017287731170654297
85644.291460 0.0017316341400146484
10506.835331 0.0017349720001220703
44070.667802 0.0017380714416503906
32468.727413 0.0017414093017578125
30315.193025 0.0017447471618652344
78629.032690 0.0017480850219726562
61067.798029 0.0017516613006591797
84915.718234 0.0017552375793457031
64599.621318 0.0017590522766113281
76003.848506 0.0017628669738769531
29602.714299 0.0017669200897216797
4303.119016 0.0017709732055664062
83003.134143 0.0017750263214111328
83588.278072 0.001779317855834961
51744.406596 0.0017838478088378906
61792.423698 0.0017883777618408203
65233.831220 0.0017931461334228516
38673.622003 0.0017981529235839844
19418.548123 0.0018033981323242188
18911.437054 0.0018086433410644531
22315.233369 0.001814126968383789
17959.911821 0.0018198490142822266
69813.659035 0.001825571060180664
46914.099632 0.0018317699432373047
36882.703515 0.0018382072448730469
80087.077029 0.001844644546508789
70701.140761 0.0018515586853027344
75101.059955 0.0018587112426757812
14092.897922 0.0018663406372070312
78438.509700 0.0018739700317382812
4129.107448 0.0018820762634277344
3226.790320 0.001890420913696289
57497.222097 0.0018990039825439453
45747.654196 0.0019078254699707031
21240.448065 0.001917123794555664
81186.201964 0.001926422119140625
74750.390511 0.001936197280883789
83599.191926 0.0019459724426269531
4271.672804 0.0019562244415283203
74516.813410 0.0019664764404296875
3271.633079 0.001977205276489258
51994.563614 0.001987934112548828
13358.958633 0.0019991397857666016
79974.101333 0.0020101070404052734
28792.164708 0.00202178955078125
22327.884940 0.0020334720611572266
47352.575647 0.0020453929901123047
29334.024311 0.0020580291748046875
56512.950851 0.0020711421966552734
57718.942690 0.0020847320556640625
13741.286005 0.0020990371704101562
60628.820186 0.002113819122314453
9030.243719 0.0021293163299560547
26245.938003 0.002146005630493164
9510.428209 0.0021631717681884766
68633.488274 0.0021817684173583984
8736.411520 0.002201557159423828
20559.544939 0.0022230148315429688
8606.989557 0.0022461414337158203
68027.228791 0.0022711753845214844
54305.214282 0.002298116683959961
62785.727560 0.0023276805877685547
80382.606557 0.0023589134216308594
72735.516474 0.0023920536041259766
5090.966528 0.002428293228149414
86107.174442 0.002467632293701172
3382.987371 0.002510547637939453
461.177023 0.0025539398193359375
9679.776537 0.002599000930786133
66981.688321 0.0026459693908691406
60198.582593 0.002694845199584961
36355.025845 0.0027441978454589844
75771.921731 0.002793550491333008
18688.535164 0.002845287322998047
1153.834841 0.0028984546661376953
5873.982343 0.002954244613647461
23964.211945 0.0030112266540527344
82874.877676 0.003068685531616211
68112.477527 0.003126859664916992
77422.970759 0.0031859874725341797
13010.433152 0.003245830535888672
48836.384029 0.0033054351806640625
66932.047557 0.0033652782440185547
7332.701854 0.00342559814453125
52371.294766 0.003487825393676758
10405.871635 0.003551959991455078
12588.858806 0.0036208629608154297
932.154124 0.0036857128143310547
69826.147820 0.003751039505004883
68354.528834 0.0038166046142578125
67237.172720 0.003876209259033203
83526.925081 0.0039370059967041016
78078.168473 0.004000663757324219
81111.408002 0.004065990447998047
69549.766147 0.004132270812988281
5296.773971 0.004198551177978516
24334.811023 0.004264116287231445
58331.935359 0.004329204559326172
22797.705166 0.004393339157104492
76466.494139 0.004456996917724609
83017.233775 0.004521846771240234
27840.350795 0.00458836555480957
3701.995086 0.004656791687011719
68641.907717 0.004728794097900391
70316.737372 0.004796266555786133
4683.198670 0.0048639774322509766
21309.315032 0.0049283504486083984
2051.848365 0.004988431930541992
17942.114911 0.005049228668212891
83519.642579 0.005112648010253906
83415.065360 0.0051784515380859375
80511.426468 0.005243778228759766
82137.479557 0.005308866500854492
71422.025032 0.005375385284423828
5593.477751 0.005444765090942383
50098.082761 0.005524635314941406
8786.321211 0.00562739372253418
10270.876938 0.005768775939941406
66014.763221 0.005928516387939453
66459.497033 0.006072521209716797
66500.338017 0.0062100887298583984
20418.675550 0.006356716156005859
23615.210718 0.006515979766845703
75054.466600 0.0066950321197509766
46321.715764 0.006906986236572266
76986.516293 0.007128000259399414
8965.375355 0.007345914840698242
2016.427068 0.007578134536743164
18443.237024 0.0078051090240478516
79870.797343 0.00805211067199707
83871.610696 0.008296728134155273
51468.271887 0.008544445037841797
2273.879910 0.008805513381958008
80852.642210 0.009104013442993164
78364.729078 0.00944972038269043
79470.598268 0.009906768798828125
8574.696052 0.01042318344116211
9644.841332 0.010932683944702148
80596.570173 0.011472463607788086
66425.970660 0.012002944946289062
11839.565095 0.012548446655273438
12225.434499 0.013072967529296875
71655.811178 0.01354670524597168
11877.806316 0.013977527618408203
72805.098567 0.014330863952636719
77266.728401 0.014657735824584961
27869.163481 0.014976739883422852
4166.868906 0.015313148498535156
62989.013185 0.015700101852416992
36981.542547 0.016157150268554688
85953.891023 0.016638994216918945
65042.394136 0.017078638076782227
41032.153216 0.017428159713745117
67345.948114 0.017706632614135742
48134.321348 0.017934322357177734
56626.030072 0.01811981201171875
15618.560834 0.018276691436767578
59460.408902 0.018423795700073242
83440.904166 0.018561601638793945
58134.086004 0.01869511604309082
10281.682924 0.018825531005859375
63658.968045 0.018955230712890625
10442.719738 0.019084692001342773
31428.012500 0.019208431243896484
86232.825352 0.019329309463500977
59105.219374 0.01945018768310547
29313.499496 0.01956963539123535
71095.269887 0.01968693733215332
56937.066285 0.019802093505859375
72881.032162 0.01991748809814453
28014.521783 0.020034074783325195
64608.279365 0.020149946212768555
83323.448807 0.020266294479370117
86046.437479 0.02037811279296875
74487.808869 0.02048945426940918
22905.800548 0.020603418350219727
6413.286018 0.02072000503540039
4637.376801 0.020837068557739258
16967.739080 0.020953893661499023
74788.321455 0.021073102951049805
71362.201497 0.021197795867919922
55156.244175 0.02132701873779297
70106.025049 0.021455049514770508
45061.693415 0.02158641815185547
34072.907210 0.02172231674194336
34260.212631 0.021860361099243164
66017.340037 0.02200150489807129
31699.004009 0.022147178649902344
42921.982946 0.022301912307739258
83452.904610 0.022455692291259766
18095.921707 0.022611379623413086
81689.924980 0.022768020629882812
67794.254931 0.022925853729248047
83732.707052 0.023080110549926758
50955.241193 0.02323436737060547
7742.330341 0.023387908935546875
8989.756876 0.023540735244750977
27526.735437 0.023685455322265625
48406.780051 0.02382826805114746
21015.220581 0.023967981338500977
82387.480489 0.024103641510009766
18391.814713 0.02423834800720215
34452.294249 0.024369239807128906
47078.900820 0.024498939514160156
11393.937221 0.024623632431030273
16525.082693 0.024744749069213867
68712.855898 0.024858951568603516
13662.617761 0.024971961975097656
75427.359275 0.02508234977722168
23045.970315 0.025191783905029297
69877.998037 0.025298357009887695
74640.934118 0.025403976440429688
19565.440728 0.02550959587097168
80334.839305 0.025615453720092773
46653.935146 0.025719881057739258
53340.417302 0.02582383155822754
17135.622333 0.025925636291503906
66790.738338 0.026027679443359375
17335.415066 0.026131153106689453
30436.219196 0.026234149932861328
4022.825255 0.026337146759033203
31151.873688 0.026441097259521484
21386.986806 0.02654719352722168
1155.479706 0.026653528213500977
53586.930087 0.02676224708557129
152.844231 0.02686762809753418
57517.897242 0.02697134017944336
79188.052242 0.027075767517089844
31630.350489 0.02717900276184082
55842.116426 0.02727985382080078
78981.021306 0.027379512786865234
56214.074672 0.02747821807861328
9470.140129 0.027574777603149414
44229.709470 0.027671098709106445
16465.773823 0.027766942977905273
73409.850562 0.02786111831665039
20330.624933 0.027954816818237305
1269.491937 0.02804732322692871
14755.787086 0.028139591217041016
79835.772154 0.028231143951416016
34957.992930 0.028322458267211914
63626.955612 0.028410673141479492
38816.636486 0.028498411178588867
18156.578745 0.028584957122802734
64561.419387 0.0286710262298584
26471.139024 0.02875685691833496
2142.130658 0.028842926025390625
84463.755820 0.028926610946655273
3332.796547 0.029010295867919922
50810.265425 0.02909231185913086
62235.081940 0.029171228408813477
54268.240538 0.02924942970275879
19706.143110 0.02932596206665039
56495.578313 0.02940082550048828
3177.851051 0.02947545051574707
57558.760288 0.02954697608947754
65392.293795 0.0296173095703125
52136.753886 0.029686927795410156
82646.128064 0.029754638671875
2763.098824 0.029822587966918945
30746.222514 0.02988886833190918
55461.447283 0.02995443344116211
61657.511970 0.030019283294677734
73353.683034 0.03008270263671875
29552.029756 0.030144929885864258
63509.661214 0.03020620346069336
22103.009264 0.03026604652404785
75413.542777 0.030325889587402344
73732.021267 0.030385494232177734
5178.573239 0.03044438362121582
31734.919788 0.0305023193359375
28949.391828 0.030559301376342773
38457.191698 0.030615806579589844
11639.595270 0.030671119689941406
65310.469870 0.030725955963134766
31809.995285 0.03078174591064453
3927.795330 0.03083658218383789
49412.113948 0.03089165687561035
70323.384422 0.030945539474487305
61515.444882 0.031000137329101562
53979.463688 0.031053543090820312
62160.419978 0.031107187271118164
33930.748674 0.03116130828857422
24602.934597 0.031214237213134766
45604.331796 0.03126716613769531
62822.428743 0.03131914138793945
32798.367561 0.031371355056762695
49606.107506 0.031423091888427734
78999.981968 0.03147411346435547
21196.584018 0.031525611877441406
53666.677482 0.03157687187194824
40555.819439 0.03162837028503418
72667.132379 0.031679630279541016
59767.940835 0.031729936599731445
56297.288771 0.03178119659423828
46996.830620 0.03183245658874512
61878.521607 0.03188347816467285
46194.447923 0.03193473815917969
35420.865330 0.03198575973510742
37271.548956 0.03203701972961426
58547.213329 0.0320889949798584
83016.226751 0.032141685485839844
16444.855323 0.03219461441040039
71403.998983 0.03224778175354004
73142.239436 0.03230094909667969
11755.170310 0.032355308532714844
30573.753350 0.03240847587585449
41769.519794 0.03246164321899414
75525.763421 0.03251504898071289
722.282677 0.03256869316101074
67627.044065 0.0326235294342041
25756.654636 0.03267812728881836
82086.344326 0.03273272514343262
54543.034570 0.03278756141662598
40982.102645 0.03284311294555664
28407.494595 0.032898664474487305
49477.762143 0.03295445442199707
35093.187051 0.03300976753234863
75190.224905 0.033065080642700195
28202.574893 0.033121585845947266
29164.212012 0.03317880630493164
49620.317781 0.03323650360107422
48774.363508 0.033293724060058594
20063.393216 0.033351898193359375
71554.789748 0.03340935707092285
81876.495190 0.03346753120422363
10687.979281 0.03352618217468262
30739.827644 0.0335841178894043
49485.626383 0.03364205360412598
58777.072767 0.033699989318847656
40685.459894 0.03375840187072754
54171.887775 0.03381752967834473
47109.615506 0.03387618064880371
29812.752580 0.033934831619262695
9916.261323 0.033994197845458984
50635.653446 0.03405404090881348
24666.685089 0.03411412239074707
5530.164303 0.03417468070983887
43545.445849 0.03423643112182617
58030.791553 0.03430032730102539
1765.277007 0.03436446189880371
5699.052491 0.03442955017089844
59115.383867 0.03449559211730957
70720.824237 0.03456282615661621
60209.286082 0.03463029861450195
52232.498059 0.034697532653808594
51999.577861 0.034766435623168945
39545.856076 0.034836530685424805
41553.297424 0.03490900993347168
9989.908604 0.03498244285583496
26166.474089 0.03505849838256836
48617.526134 0.03513479232788086
55660.750524 0.03521299362182617
17263.637177 0.0352938175201416
52850.072732 0.03537631034851074
64190.929636 0.035462141036987305
59806.551898 0.035549163818359375
58660.232830 0.035639286041259766
26477.468374 0.03572893142700195
28890.458903 0.03582143783569336
50593.185369 0.03591465950012207
66385.225417 0.0360105037689209
82418.334028 0.036107540130615234
75274.429992 0.036206722259521484
553.084445 0.03630852699279785
29012.602884 0.036411285400390625
31194.539057 0.03651857376098633
1314.620454 0.03662872314453125
85935.112096 0.03674030303955078
15270.714151 0.03685331344604492
25045.211537 0.03696727752685547
28862.965124 0.03708362579345703
74418.816511 0.0372006893157959
67035.277997 0.037317514419555664
36057.654346 0.03743696212768555
27976.813102 0.03755593299865723
82990.896044 0.037677764892578125
8698.970055 0.037798404693603516
16360.039453 0.037921905517578125
71670.893065 0.038045406341552734
59966.119714 0.03816795349121094
39028.943071 0.03829050064086914
26607.948049 0.03841423988342285
81541.204297 0.03853774070739746
84210.290782 0.03866243362426758
80492.347830 0.0387880802154541
6700.262632 0.038912057876586914
14707.436273 0.03903675079345703
84471.114990 0.03916168212890625
16178.360318 0.03928661346435547
66266.879492 0.03941035270690918
83137.430235 0.03953289985656738
79952.623432 0.039655208587646484
69807.159045 0.039775848388671875
31270.577432 0.03989577293395996
17599.555351 0.04001498222351074
14580.425220 0.04013347625732422
31288.093888 0.04025149345397949
9915.385003 0.04036688804626465
6070.252844 0.040482521057128906
35140.990711 0.04059863090515137
74753.048126 0.04071211814880371
6852.791513 0.040825605392456055
76118.230241 0.0409393310546875
64505.127427 0.04105210304260254
19043.937636 0.04116535186767578
39376.751081 0.04127764701843262
68646.618828 0.04138803482055664
9035.002078 0.04149913787841797
39438.787851 0.041608572006225586
29100.800024 0.041718482971191406
7327.729345 0.04182934761047363
75189.821176 0.04194045066833496
25381.916257 0.04204964637756348
84141.521686 0.0421597957611084
19452.885819 0.04227113723754883
69547.601421 0.04237985610961914
52743.754072 0.04248785972595215
50326.417602 0.04259538650512695
81907.503397 0.042702674865722656
1089.157996 0.042810916900634766
55372.047619 0.04291677474975586
13183.769120 0.04302239418029785
79175.227317 0.04313039779663086
68478.303436 0.04323768615722656
4090.036946 0.04334521293640137
79808.638705 0.04345083236694336
79129.155187 0.04355764389038086
79353.897217 0.04366326332092285
22074.765960 0.04376935958862305
14049.128879 0.043875694274902344
7287.840079 0.043979644775390625
51755.707824 0.04408431053161621
65154.141088 0.04418778419494629
11499.843816 0.04429268836975098
25380.170596 0.04439902305603027
48655.667964 0.04450368881225586
81749.404091 0.044608116149902344
72411.304675 0.04471182823181152
21517.878133 0.0448145866394043
32182.768635 0.044916391372680664
31499.019842 0.045020341873168945
38667.364081 0.04512214660644531
82099.812726 0.045226335525512695
621.773007 0.04532980918884277
58997.191188 0.04543423652648926
80485.559043 0.045537710189819336
22774.332108 0.045641183853149414
16728.397357 0.0457453727722168
75647.078495 0.04584908485412598
69072.430395 0.04595327377319336
25997.286289 0.04605674743652344
15942.692305 0.04616069793701172
79948.531674 0.0462648868560791
15643.346597 0.04636859893798828
31162.994154 0.04647183418273926
66000.264198 0.04657554626464844
12192.419001 0.04668092727661133
20031.633325 0.046785593032836914
54822.321612 0.0468904972076416
10480.776799 0.04699563980102539
17929.911133 0.04709935188293457
18108.609926 0.047204017639160156
17802.319874 0.04730820655822754
57000.887207 0.04741263389587402
70255.194711 0.04751729965209961
56031.168579 0.0476224422454834
73309.541713 0.04772782325744629
16665.032278 0.04783344268798828
51882.044470 0.047937631607055664
21310.323494 0.04804205894470215
12000.454605 0.04814720153808594
68747.016386 0.04825162887573242
24411.458898 0.0483553409576416
61110.718102 0.04845881462097168
62607.331297 0.048563241958618164
1532.541636 0.04866647720336914
764.808028 0.04877138137817383
63014.654972 0.04887557029724121
85266.335490 0.0489802360534668
42175.930569 0.04908394813537598
70697.417052 0.049189090728759766
77181.548302 0.04929399490356445
6198.439337 0.04939746856689453
13229.796925 0.049501895904541016
55543.621890 0.0496065616607666
33486.114513 0.04971027374267578
69379.111979 0.049814462661743164
69622.903812 0.049920082092285156
32304.674425 0.050024986267089844
76964.600034 0.05012965202331543
58793.058281 0.050235748291015625
632.630285 0.050340890884399414
8639.264957 0.0504460334777832
67842.416603 0.05055069923400879
9050.335700 0.05065560340881348
43329.016458 0.050760746002197266
20417.847362 0.05086684226989746
34943.008686 0.050971269607543945
65493.172861 0.05107712745666504
80585.435007 0.051181793212890625
78706.391446 0.05128788948059082
57700.684454 0.051392316818237305
73313.124810 0.051497459411621094
68818.556686 0.05160403251647949
52512.243867 0.05171060562133789
63822.208660 0.05181550979614258
48193.641618 0.05192065238952637
22083.703657 0.05202651023864746
21166.522547 0.05213189125061035
66231.295022 0.05223822593688965
1817.729027 0.05234479904174805
74091.773158 0.052449941635131836
2038.517069 0.05255556106567383
20500.761214 0.05266261100769043
41607.497264 0.052767276763916016
78312.040984 0.052873849868774414
49196.722837 0.05298209190368652
4539.895484 0.05308842658996582
22063.387662 0.05319404602050781
3735.785881 0.05330181121826172
12355.916798 0.05341029167175293
35262.254398 0.053517818450927734
53415.141212 0.053624629974365234
28019.785231 0.05373215675354004
73477.581002 0.05383801460266113
80711.430085 0.05394434928894043
62004.292658 0.05405116081237793
19262.663266 0.054158687591552734
2537.678468 0.05426526069641113
81675.596088 0.054372549057006836
35176.642307 0.054480552673339844
76871.105690 0.054589271545410156
75032.391866 0.054695844650268555
2565.479814 0.054802894592285156
36056.521693 0.05491280555725098
53339.067609 0.05502033233642578
41110.834609 0.055127620697021484
65695.352431 0.0552363395690918
68948.261844 0.055344581604003906
24487.093511 0.05545449256896973
76099.609807 0.055563926696777344
76867.900418 0.05567526817321777
69573.889993 0.0557866096496582
851.260222 0.05589747428894043
59427.143906 0.05600762367248535
85452.949134 0.05611872673034668
66669.318205 0.05623054504394531
77827.977070 0.05634331703186035
40359.353988 0.0564570426940918
13774.371296 0.05656909942626953
63361.492973 0.05668210983276367
6588.478199 0.056795358657836914
4076.230119 0.05690908432006836
27661.982767 0.05702400207519531
21144.152385 0.05713772773742676
83573.735062 0.05725240707397461
63769.346347 0.05736684799194336
73231.682460 0.05748248100280762
83591.519932 0.05759787559509277
22822.187020 0.05771517753601074
1275.018779 0.057831764221191406
85226.075536 0.05795121192932129
68682.434442 0.05806708335876465
67827.668979 0.05818486213684082
86104.238937 0.0583033561706543
81937.363665 0.05841970443725586
33564.757635 0.058538198471069336
75936.935564 0.05865740776062012
59879.427325 0.05877804756164551
57405.666597 0.05889725685119629
65934.831309 0.059015750885009766
26277.001620 0.05913591384887695
67233.307257 0.05925726890563965
71228.460584 0.059380531311035156
56886.139654 0.059504032135009766
4870.236052 0.05962967872619629
2403.005263 0.05975484848022461
25106.156819 0.05988287925720215
7331.727712 0.06000995635986328
83336.238462 0.06013751029968262
83411.060579 0.06026601791381836
54502.460737 0.060393571853637695
12890.948776 0.06052374839782715
49346.998625 0.060654401779174805
68143.616963 0.06078600883483887
62442.156536 0.060918569564819336
16321.789141 0.06105232238769531
75564.144792 0.061185598373413086
82313.841365 0.06132102012634277
85752.597985 0.06145668029785156
26417.774097 0.06159496307373047
10733.551491 0.061731815338134766
11428.610547 0.06187009811401367
2652.790164 0.062007904052734375
10598.669595 0.062146902084350586
19360.440746 0.0622866153717041
25855.108671 0.06242704391479492
84205.606906 0.06256651878356934
75945.662585 0.06270718574523926
77534.382620 0.06284689903259277
26017.794264 0.06298637390136719
3808.305109 0.06312727928161621
23321.195029 0.06327080726623535
1131.860359 0.0634164810180664
63820.543176 0.06356143951416016
63030.733118 0.06370973587036133
65693.710076 0.0638582706451416
60592.904258 0.06400847434997559
62917.474972 0.06415796279907227
70335.505428 0.06430912017822266
70102.148036 0.06446027755737305
76842.479444 0.06461453437805176
54491.530240 0.06476902961730957
73827.989071 0.06492400169372559
1295.860628 0.06508159637451172
60867.509611 0.06523799896240234
12256.721480 0.0653982162475586
69502.967521 0.06555700302124023
31365.073437 0.0657186508178711
34608.470031 0.06587767601013184
21583.815825 0.06603884696960449
6195.650113 0.06619858741760254
82836.749566 0.06636238098144531
59685.178455 0.06652617454528809
35639.173072 0.06668972969055176
58855.828089 0.06685304641723633
77943.950077 0.0670156478881836
80885.920181 0.06717872619628906
67031.675891 0.06734275817871094
13219.266093 0.06750988960266113
5574.900004 0.06767797470092773
79431.966608 0.06785035133361816
9477.249838 0.06802201271057129
1090.929826 0.06819581985473633
82172.589967 0.06836938858032227
3602.337448 0.06854391098022461
83297.803765 0.06872296333312988
5683.057745 0.06890296936035156
74794.323776 0.06907868385314941
11670.755356 0.0692596435546875
2829.352378 0.0694427490234375
75913.472203 0.06962752342224121
71053.010649 0.06981229782104492
21280.464827 0.06999659538269043
85491.277865 0.07018208503723145
3892.147259 0.07037019729614258
65000.534518 0.0705573558807373
17919.268084 0.07074260711669922
521.795299 0.07093191146850586
77940.007844 0.07112264633178711
8435.298303 0.07131171226501465
63151.187895 0.07150888442993164
66210.983942 0.07170486450195312
29595.088647 0.07190608978271484
5114.852906 0.07210826873779297
72783.269182 0.07231259346008301
11298.712388 0.07251763343811035
17111.154001 0.07272982597351074
72521.097556 0.07294082641601562
73020.177799 0.07315731048583984
76374.142004 0.07337522506713867
71662.576843 0.07359647750854492
12529.193053 0.0738213062286377
6084.301708 0.07404685020446777
66741.680476 0.07426953315734863
12187.034957 0.07449579238891602
13205.398384 0.0747222900390625
32970.298074 0.0749506950378418
32750.704083 0.07518172264099121
62324.794295 0.07541847229003906
34159.501634 0.07565522193908691
75868.712951 0.07590055465698242
23189.736236 0.07615089416503906
38459.864206 0.07640957832336426
13714.245970 0.07666587829589844
78546.362278 0.07692694664001465
17179.060932 0.0771932601928711
16631.894092 0.07746219635009766
3445.821218 0.07773160934448242
67232.968047 0.07801365852355957
81408.614737 0.0782935619354248
69207.636989 0.07857513427734375
15221.770188 0.07885360717773438
1349.546789 0.07913565635681152
34855.039181 0.07942700386047363
9237.206658 0.07972335815429688
70807.882025 0.08002543449401855
11206.655637 0.0803372859954834
6050.534396 0.08065247535705566
60115.042464 0.08097434043884277
13857.406222 0.0812997817993164
86018.604860 0.0816354751586914
17752.620047 0.08197593688964844
71109.656187 0.08232474327087402
67112.594095 0.0826711654663086
13939.795380 0.08302116394042969
46165.024650 0.08337903022766113
59073.174760 0.08374571800231934
84586.469987 0.08412647247314453
79742.938079 0.08451986312866211
73159.901880 0.08492350578308105
80396.208784 0.08534526824951172
2939.082831 0.08577728271484375
17901.015906 0.0862278938293457
40622.311023 0.08668303489685059
46645.793567 0.08714747428894043
24965.363614 0.08762407302856445
63031.843250 0.08812141418457031
68956.527597 0.08864092826843262
65498.341236 0.08918261528015137
79945.117737 0.08974003791809082
39195.724849 0.09032964706420898
631.626333 0.09093713760375977
73957.133791 0.09156584739685059
81375.211664 0.09222555160522461
83336.471507 0.09290742874145508
79209.435464 0.09362649917602539
79733.739782 0.09438443183898926
69875.835918 0.09518051147460938
73826.198762 0.09600400924682617
84705.615913 0.09688901901245117
78963.302008 0.09783530235290527
4376.962959 0.09883356094360352
65174.647915 0.09989476203918457
16143.664720 0.10103631019592285
70866.002653 0.10226774215698242
76268.952566 0.10359072685241699
60873.094306 0.10501384735107422
48518.907082 0.10660386085510254
65993.193226 0.10835456848144531
70749.802677 0.11034488677978516
73586.378145 0.11255240440368652
28374.782562 0.11507415771484375
79893.202054 0.11795878410339355
20045.404832 0.12116360664367676
37123.338037 0.12476491928100586
18353.403681 0.12862491607666016
42477.678635 0.1329200267791748
69366.936450 0.137481689453125
52694.410890 0.1423044204711914
20151.039233 0.14741158485412598
6291.401664 0.15278339385986328
53465.572024 0.15843915939331055
9788.065307 0.1645803451538086
50558.753208 0.1711258888244629
59188.754480 0.1780719757080078
40966.945160 0.18582415580749512
22704.288468 0.1945188045501709
65288.189529 0.2044670581817627
1567.221370 0.21633410453796387
5139.788802 0.2318565845489502
72344.241313 0.25444650650024414
70671.311908 0.29282259941101074
11201.260157 0.36377716064453125
76409.656989 0.6436936855316162
76409.656989 1000

