82582.496424 0.0012328624725341797
61054.054718 0.01563715934753418
24381.482618 0.016528844833374023
59711.071485 0.017752885818481445
63351.122575 0.019205570220947266
12442.046556 0.020346641540527344
6935.202594 0.02126598358154297
76568.933520 0.0219728946685791
43171.618022 0.02257847785949707
18927.825094 0.023151159286499023
60420.275131 0.023720264434814453
42968.396377 0.02426004409790039
82594.863022 0.024767160415649414
11834.621702 0.025229454040527344
52117.213102 0.025651931762695312
40878.328419 0.026022672653198242
17389.560997 0.026365280151367188
5974.010898 0.02669811248779297
34553.624747 0.02701854705810547
1703.621761 0.02734375
71532.769289 0.027692794799804688
52064.679903 0.028099775314331055
42792.810050 0.02858138084411621
40794.018107 0.02914905548095703
82621.436657 0.029790401458740234
9789.959749 0.030476093292236328
30530.129098 0.031217098236083984
5026.328087 0.03198814392089844
18165.969090 0.032769203186035156
6071.744284 0.033557891845703125
13630.415598 0.03433966636657715
2882.783025 0.035089731216430664
18324.059802 0.03581738471984863
28986.119607 0.036524057388305664
44663.510508 0.03723454475402832
14142.567888 0.03795742988586426
21591.064668 0.038669586181640625
51843.771339 0.03936910629272461
18546.830570 0.04006171226501465
11076.320824 0.04076695442199707
46694.441069 0.04146885871887207
3768.581943 0.04217028617858887
61981.172740 0.04285287857055664
41242.627837 0.043517112731933594
78870.578138 0.04417777061462402
45130.155843 0.04481363296508789
64062.286054 0.04544854164123535
12163.751611 0.04609560966491699
81512.720949 0.046746253967285156
55081.786141 0.047412872314453125
73330.252850 0.04812312126159668
62570.899125 0.04884767532348633
41228.043478 0.049582481384277344
34620.889626 0.05032658576965332
17372.533025 0.0510716438293457
10065.730002 0.05182027816772461
16823.793878 0.052590131759643555
37244.358734 0.05334877967834473
4875.499305 0.054117679595947266
46323.757529 0.05487561225891113
72141.395085 0.05561208724975586
13163.378073 0.056357383728027344
6029.738740 0.05708718299865723
15904.529520 0.05780839920043945
63153.883021 0.05852103233337402
13575.084204 0.05924105644226074
17353.855462 0.05996298789978027
43258.165375 0.06069612503051758
64659.512583 0.06143474578857422
12084.081002 0.06216096878051758
19464.967315 0.06289815902709961
40124.496587 0.06362104415893555
70919.809456 0.0643453598022461
2674.776297 0.06506776809692383
4344.443169 0.06576919555664062
7210.667175 0.06645441055297852
41098.346297 0.06712174415588379
14027.388816 0.06777667999267578
28535.388891 0.06840348243713379
23454.550061 0.0690147876739502
5574.098167 0.0695948600769043
69686.170670 0.07014822959899902
27326.258142 0.07068085670471191
51065.076273 0.07118511199951172
80029.972889 0.0716712474822998
52667.414953 0.07214808464050293
67779.712800 0.07262492179870605
52721.757371 0.07309317588806152
75799.376136 0.07356476783752441
70684.646139 0.07403397560119629
64562.039321 0.0745086669921875
67821.314052 0.07499814033508301
83806.222182 0.07549691200256348
49088.619159 0.07600069046020508
35946.412128 0.07650470733642578
46649.359259 0.07701420783996582
40441.251052 0.0775136947631836
19992.071745 0.07800889015197754
73063.724129 0.0784907341003418
37684.147589 0.07896661758422852
78444.093981 0.07943129539489746
67380.620586 0.07989096641540527
65022.425545 0.08034229278564453
36428.064036 0.08079075813293457
71980.991328 0.08122825622558594
78617.238592 0.08165884017944336
11388.952486 0.08208346366882324
36632.054970 0.08249878883361816
59748.766248 0.08290481567382812
74928.630912 0.08330249786376953
37055.586424 0.08369255065917969
32380.987327 0.08407473564147949
68311.013248 0.08445453643798828
83197.027375 0.08483529090881348
21947.604041 0.08520722389221191
58447.203192 0.08557796478271484
53071.060477 0.08594465255737305
53391.092602 0.0863039493560791
67083.216413 0.08666348457336426
76627.360119 0.08701729774475098
22609.782537 0.08736658096313477
17132.002717 0.08771324157714844
52222.981590 0.08805346488952637
29854.545210 0.08839297294616699
45663.467052 0.0887300968170166
33352.032445 0.08906102180480957
31676.514013 0.0893867015838623
33062.140420 0.08971667289733887
77190.969445 0.09003973007202148
42819.648048 0.09036111831665039
80380.575550 0.09067916870117188
8572.341158 0.09100079536437988
40889.602913 0.09131622314453125
79550.780016 0.09163212776184082
53836.281722 0.0919492244720459
81492.587736 0.09226512908935547
23828.522847 0.09258079528808594
24847.277957 0.0928952693939209
47778.951903 0.09320569038391113
30972.768004 0.0935208797454834
36558.735421 0.09383511543273926
74016.999070 0.0941460132598877
60567.935580 0.09445714950561523
83394.227361 0.09476423263549805
36859.909231 0.09507131576538086
22649.074126 0.09538006782531738
27153.092068 0.09568643569946289
51834.336750 0.09598779678344727
16977.115075 0.09629106521606445
74555.328681 0.09659504890441895
78898.298838 0.09689760208129883
67551.155950 0.09719586372375488
54806.842463 0.09749341011047363
2781.884353 0.09779572486877441
39020.682471 0.09809470176696777
52467.968072 0.09839034080505371
47768.778427 0.09869122505187988
21315.529006 0.09898543357849121
21824.421562 0.09927725791931152
15759.918069 0.09956836700439453
5501.947745 0.09986138343811035
51295.055649 0.10014629364013672
35853.343381 0.10043787956237793
58535.878824 0.10072588920593262
49679.423148 0.10101318359375
25109.856811 0.10129928588867188
16354.306234 0.10158586502075195
79438.648590 0.1018686294555664
84335.667511 0.10214519500732422
45549.150056 0.10242795944213867
35014.880078 0.10270571708679199
15694.320233 0.10298347473144531
66959.423404 0.10326480865478516
77139.839072 0.10354232788085938
58703.562340 0.10381913185119629
34861.039211 0.1040956974029541
75093.896300 0.10436439514160156
30799.585045 0.10463786125183105
27058.575396 0.10491085052490234
79713.387151 0.10518074035644531
18614.089795 0.10545110702514648
38211.868977 0.10572195053100586
21397.844331 0.10599303245544434
30738.456655 0.10625958442687988
31980.678128 0.1065211296081543
31008.553165 0.10678601264953613
47030.155323 0.10704565048217773
55522.392159 0.10730409622192383
56497.747335 0.1075584888458252
31776.246353 0.10781192779541016
42637.186809 0.10806775093078613
42246.432112 0.10832071304321289
14739.861562 0.10856938362121582
57256.453897 0.10881876945495605
64583.809043 0.10906076431274414
35342.316848 0.10930633544921875
42885.207645 0.10954833030700684
27403.277092 0.10979056358337402
29912.748025 0.1100311279296875
48147.173900 0.11026930809020996
15715.292955 0.11050581932067871
37550.519186 0.11074137687683105
12585.739323 0.1109762191772461
53887.919083 0.11120724678039551
15777.591067 0.11143994331359863
9956.825005 0.11167073249816895
55204.331197 0.11190414428710938
18455.263745 0.11213541030883789
59317.936825 0.11236572265625
82399.431615 0.11259222030639648
35727.810840 0.1128225326538086
30649.208740 0.1130516529083252
6688.116459 0.1132814884185791
33015.536160 0.11350655555725098
69512.443306 0.11373519897460938
1287.366326 0.11396622657775879
14202.653998 0.11419248580932617
86237.141056 0.11442351341247559
38437.825769 0.11465311050415039
69306.839498 0.11488175392150879
85690.765933 0.11511421203613281
32119.081656 0.11534452438354492
86111.492598 0.11557722091674805
3405.300587 0.11580634117126465
52143.053660 0.11603760719299316
39550.391970 0.11626720428466797
8646.847918 0.1164999008178711
18506.894539 0.1167299747467041
11640.430733 0.11696290969848633
32402.109206 0.11718916893005371
54102.344932 0.11741995811462402
47395.109048 0.11764883995056152
76309.892422 0.11787891387939453
43544.806806 0.11810636520385742
11970.217956 0.11833333969116211
23080.913668 0.1185603141784668
2054.634216 0.11878776550292969
70747.545757 0.11901426315307617
22132.160501 0.11923956871032715
29828.744574 0.11946296691894531
20385.771715 0.11968874931335449
62511.256083 0.11991572380065918
71133.759847 0.12014222145080566
48062.396868 0.12037062644958496
66576.901293 0.12059783935546875
1014.179190 0.12082195281982422
46556.551890 0.1210489273071289
531.232667 0.12127304077148438
1295.876377 0.12149548530578613
65315.283635 0.12172365188598633
50446.206321 0.1219472885131836
20583.154420 0.12217378616333008
84291.097005 0.12239384651184082
53593.410382 0.12262177467346191
42017.068032 0.12284469604492188
30171.082835 0.12306547164916992
60384.761571 0.12328720092773438
59553.683084 0.12351131439208984
59489.736194 0.12373614311218262
44791.604297 0.12395834922790527
32331.720258 0.12417769432067871
53291.599435 0.12439942359924316
39755.158401 0.12462210655212402
7503.392233 0.12484025955200195
7007.420845 0.12506413459777832
9663.765924 0.12528228759765625
46029.186015 0.1255052089691162
77103.641282 0.12572574615478516
57772.885299 0.1259469985961914
55815.022959 0.12616801261901855
38883.510472 0.1263880729675293
16440.773242 0.12660646438598633
70333.209905 0.12682890892028809
60234.735054 0.12705135345458984
17284.005545 0.1272733211517334
63647.221566 0.12749218940734863
20865.600996 0.12771272659301758
39239.993139 0.12793183326721191
50837.623871 0.12815237045288086
77578.117081 0.12837600708007812
41121.075057 0.1285998821258545
41101.593926 0.12882184982299805
39086.430802 0.1290452480316162
17503.220432 0.12926626205444336
2473.669493 0.12948822975158691
20248.246588 0.12971115112304688
66154.483926 0.12993264198303223
34425.153515 0.13015270233154297
310.709065 0.13037896156311035
41010.190389 0.13060545921325684
78928.612010 0.1308302879333496
59448.764964 0.13105535507202148
14215.840814 0.13128185272216797
14813.312670 0.13150358200073242
83267.008408 0.1317310333251953
74105.739641 0.13195490837097168
78474.247758 0.13217926025390625
49112.285916 0.13240861892700195
27892.185058 0.13263487815856934
8844.062334 0.13286471366882324
64013.044517 0.13309407234191895
66326.891965 0.13332080841064453
65788.495051 0.13354969024658203
79815.986613 0.13378024101257324
2763.608592 0.13401198387145996
53198.690019 0.13424253463745117
12845.658062 0.13447070121765137
41359.721257 0.13470005989074707
61251.063923 0.13492989540100098
56570.375339 0.13515901565551758
31822.212154 0.13538813591003418
56838.298415 0.1356186866760254
64458.272238 0.1358499526977539
72451.083931 0.1360795497894287
15199.262436 0.13631105422973633
26931.924744 0.13654088973999023
18471.760304 0.13677215576171875
83240.917857 0.13700556755065918
68664.000758 0.1372365951538086
12021.987027 0.13747167587280273
4586.484264 0.13770580291748047
56776.403257 0.13793730735778809
3091.875052 0.13817048072814941
29516.631982 0.13840126991271973
60016.027638 0.13863348960876465
65854.052411 0.138869047164917
38980.118790 0.13910555839538574
78664.007834 0.13933849334716797
57310.289977 0.13957619667053223
39998.925338 0.13981366157531738
14574.569616 0.14005064964294434
17572.030118 0.14028716087341309
21074.536276 0.14052748680114746
65966.786598 0.14076781272888184
15539.530866 0.14100360870361328
6083.953086 0.14124202728271484
7471.944482 0.14147639274597168
6290.796657 0.14171290397644043
82252.086640 0.14195036888122559
18952.703008 0.14218974113464355
7676.798035 0.1424243450164795
11149.285777 0.14266252517700195
58965.253151 0.14290428161621094
44389.789889 0.1431443691253662
27366.204393 0.14338111877441406
9889.768762 0.14362168312072754
58520.273418 0.1438615322113037
54188.829557 0.14410161972045898
70435.977232 0.14434146881103516
2608.996895 0.14458703994750977
57241.570723 0.14483094215393066
3535.328938 0.14507508277893066
15761.570205 0.14531683921813965
21085.995963 0.14555573463439941
49521.201560 0.1457970142364502
49794.249484 0.14603972434997559
25550.358491 0.14628052711486816
15842.710068 0.14652252197265625
48140.794167 0.14676475524902344
75657.101011 0.147003173828125
71612.156771 0.14724516868591309
391.636672 0.14748835563659668
2285.380415 0.14773321151733398
40472.467058 0.14797472953796387
35424.918451 0.14821934700012207
49205.967237 0.14846467971801758
48034.926433 0.1487109661102295
86137.371267 0.14895939826965332
46301.445006 0.14920258522033691
5058.522075 0.1494464874267578
61396.056986 0.14969205856323242
4764.350558 0.14993834495544434
71734.128315 0.15018439292907715
28154.271421 0.15042781829833984
37272.338832 0.15067434310913086
37135.523373 0.15092206001281738
76505.028077 0.1511688232421875
18722.276516 0.15141677856445312
44696.367881 0.15166616439819336
66518.078778 0.1519145965576172
11365.013655 0.15216636657714844
54572.823270 0.15241551399230957
51743.740490 0.1526639461517334
12613.908087 0.152909517288208
51169.326223 0.15315842628479004
56536.123113 0.15340948104858398
5569.158556 0.15366196632385254
30833.015840 0.15391206741333008
56083.505206 0.1541609764099121
27991.079136 0.15440988540649414
77294.084235 0.1546614170074463
44412.142357 0.15491557121276855
85240.696030 0.15516877174377441
45273.560776 0.15541958808898926
6628.577494 0.1556692123413086
83220.100836 0.15591740608215332
14850.537966 0.15617060661315918
20091.880743 0.15642404556274414
81485.867522 0.1566755771636963
27063.131022 0.15692496299743652
36129.837943 0.1571826934814453
72571.212194 0.15743589401245117
39959.917494 0.15769171714782715
5558.850854 0.15794658660888672
25033.581892 0.15820097923278809
85705.963408 0.15845513343811035
45958.992004 0.15870952606201172
76202.287796 0.1589646339416504
28704.885796 0.15921831130981445
73481.434189 0.1594715118408203
54107.144480 0.1597282886505127
57713.622104 0.1599876880645752
16237.887742 0.16023778915405273
54507.523439 0.16049432754516602
81869.396688 0.1607508659362793
70310.107395 0.1610095500946045
21978.515645 0.16126441955566406
62315.350977 0.16152191162109375
85826.342982 0.16177678108215332
9889.209048 0.1620323657989502
8684.680166 0.16228985786437988
32000.747930 0.16254544258117676
19636.028030 0.16280078887939453
74872.826201 0.16305947303771973
32757.732517 0.16331911087036133
60584.855732 0.16357779502868652
2049.401861 0.1638355255126953
60323.845985 0.1640949249267578
26260.284064 0.1643519401550293
32175.332027 0.1646103858947754
75244.536029 0.16486716270446777
78424.237937 0.16512608528137207
79100.771575 0.16538453102111816
83129.000217 0.16564226150512695
76589.090844 0.16590452194213867
79643.354361 0.16616344451904297
30296.861247 0.16642498970031738
31146.161839 0.16668272018432617
8911.534855 0.16694188117980957
11315.592368 0.16720294952392578
71310.415518 0.16746234893798828
18816.731297 0.16772198677062988
24875.631885 0.1679847240447998
79375.745348 0.16824603080749512
20351.114052 0.16850543022155762
63292.548801 0.16876482963562012
20138.283388 0.16902470588684082
2462.933665 0.16928315162658691
44493.798182 0.1695396900177002
17341.481604 0.16980457305908203
69409.127616 0.17006564140319824
25079.102982 0.17032957077026367
76819.996650 0.1705913543701172
2008.626635 0.1708536148071289
3500.897532 0.17111468315124512
11961.278397 0.17137742042541504
30626.051028 0.17164111137390137
19654.286768 0.1719050407409668
37840.499043 0.1721665859222412
65991.643063 0.17242860794067383
74808.764004 0.17268896102905273
58653.357244 0.1729569435119629
20930.744823 0.17321395874023438
81623.729681 0.17347478866577148
57370.209111 0.17373442649841309
71302.549090 0.1739950180053711
25141.866791 0.1742544174194336
85492.298116 0.1745145320892334
60019.595878 0.17477655410766602
28412.574942 0.17503833770751953
31969.391576 0.17529916763305664
47505.010325 0.17556047439575195
18442.016732 0.17582488059997559
68015.652134 0.1760878562927246
69051.964121 0.17634844779968262
54904.531861 0.17661237716674805
20866.298039 0.17687559127807617
24460.910483 0.17713522911071777
53746.447246 0.1773991584777832
14164.901335 0.17766261100769043
17324.634833 0.17792391777038574
7947.376409 0.17818832397460938
71440.273675 0.17845511436462402
82310.736046 0.17871618270874023
61215.214739 0.17897963523864746
58569.145085 0.17923927307128906
81417.331536 0.17950057983398438
3029.128823 0.1797642707824707
37545.972010 0.18002653121948242
5959.912668 0.18029141426086426
61455.946242 0.1805553436279297
77808.432099 0.18082165718078613
41293.806052 0.18108749389648438
1431.958091 0.1813521385192871
2994.655122 0.18161511421203613
18957.521050 0.18187737464904785
45236.118097 0.18213915824890137
63790.617185 0.1824018955230713
85756.424551 0.182664155960083
80115.710709 0.18292737007141113
66662.770027 0.18319201469421387
63552.964092 0.18345260620117188
71190.290931 0.18371844291687012
44552.547838 0.18398165702819824
70779.736408 0.18424725532531738
82126.147833 0.18451261520385742
16854.764652 0.18477916717529297
20451.655660 0.18505001068115234
9212.659777 0.18530964851379395
5684.393642 0.18557500839233398
20141.832494 0.18584156036376953
36871.040806 0.18610811233520508
34758.370812 0.18637633323669434
35307.320188 0.1866443157196045
71677.540897 0.18690800666809082
61301.167760 0.18717384338378906
78202.731540 0.1874394416809082
27226.730502 0.18770575523376465
77342.362304 0.1879725456237793
14230.074684 0.18823742866516113
28444.544985 0.18850159645080566
45357.243078 0.188765287399292
44714.667877 0.18903326988220215
38347.604126 0.1892995834350586
23791.097868 0.18956851959228516
71680.874067 0.1898365020751953
74840.764791 0.1901092529296875
29214.173446 0.19037532806396484
45675.274055 0.1906447410583496
59566.016845 0.19091176986694336
62355.173090 0.19118070602416992
15273.185483 0.19144845008850098
59241.052066 0.19171762466430664
2487.070524 0.1919856071472168
82731.849631 0.19225192070007324
54108.900061 0.19252443313598633
14135.712846 0.19279193878173828
59276.428029 0.19305920600891113
76395.085736 0.1933274269104004
62550.615019 0.19359755516052246
29147.843428 0.19386887550354004
70833.935251 0.1941375732421875
34745.062733 0.19440698623657227
12714.503682 0.19467568397521973
62821.932896 0.19494152069091797
36355.266099 0.19521236419677734
6189.817003 0.19548511505126953
83784.871474 0.1957540512084961
66616.405042 0.1960289478302002
557.890078 0.19629859924316406
19377.011040 0.19657349586486816
9206.171361 0.19684505462646484
45764.581964 0.1971127986907959
36391.348435 0.19737887382507324
48695.187937 0.1976478099822998
42893.128287 0.1979215145111084
25518.640420 0.19819211959838867
25627.710026 0.19846606254577637
11673.896864 0.19874072074890137
56575.418338 0.19901227951049805
66385.063100 0.19928312301635742
31814.448032 0.1995542049407959
31115.998065 0.1998302936553955
74579.201004 0.20009994506835938
4729.544384 0.20037174224853516
34763.083686 0.20064496994018555
61805.953153 0.20091986656188965
79616.809770 0.20119285583496094
165.724354 0.20146727561950684
76872.684082 0.20174121856689453
29287.259016 0.2020118236541748
3529.905079 0.2022857666015625
3542.292201 0.20255517959594727
55922.439339 0.2028331756591797
26427.303378 0.2031106948852539
20050.046295 0.2033858299255371
74543.181947 0.20366120338439941
24364.856287 0.20393610000610352
51498.392666 0.20421242713928223
41603.715794 0.20449018478393555
1193.211038 0.20476651191711426
11341.882018 0.20504498481750488
29006.217136 0.20531964302062988
17565.385362 0.2055962085723877
28085.980320 0.20587468147277832
23746.174430 0.20614933967590332
58893.350141 0.20642805099487305
45532.089500 0.20670557022094727
31174.422656 0.2069835662841797
49233.979229 0.20726251602172852
78826.340119 0.20754098892211914
73088.332239 0.20781898498535156
7185.475753 0.2081007957458496
8710.911120 0.20838236808776855
10524.702906 0.20865702629089355
23283.231051 0.2089383602142334
83784.392183 0.2092125415802002
4909.668457 0.20949959754943848
84436.130392 0.2097792625427246
85344.169952 0.21005845069885254
68350.084268 0.21033835411071777
3776.772920 0.21061944961547852
71783.300905 0.21090149879455566
83663.279449 0.211181640625
60276.386045 0.21146583557128906
68406.795593 0.21174931526184082
64513.983038 0.2120356559753418
74316.122308 0.21232318878173828
72904.824986 0.21260809898376465
59140.833124 0.2128903865814209
47856.732359 0.21317791938781738
13544.608259 0.21346735954284668
21.598120 0.21375393867492676
78194.796078 0.21403980255126953
60471.334786 0.2143256664276123
39237.294529 0.21460914611816406
44630.615336 0.2148911952972412
7126.737024 0.21517705917358398
68465.308964 0.21546435356140137
70679.009421 0.21575450897216797
61354.253430 0.21604061126708984
22601.889301 0.21632814407348633
22928.486546 0.21661996841430664
35041.023065 0.21690821647644043
18295.649576 0.21719932556152344
15807.038347 0.21749067306518555
81788.111901 0.21777796745300293
24241.564451 0.21806740760803223
23746.537368 0.21835827827453613
68880.717284 0.21865105628967285
18375.926970 0.21893906593322754
20959.603731 0.21923089027404785
52985.466486 0.2195262908935547
82317.012027 0.2198178768157959
14298.133561 0.22011065483093262
15607.719848 0.22040414810180664
79203.628594 0.22070574760437012
73640.802077 0.22099685668945312
16086.053071 0.22128844261169434
8381.886189 0.22158479690551758
70979.756458 0.2218773365020752
31460.691095 0.2221698760986328
13617.281970 0.22246766090393066
65273.649043 0.22276091575622559
29950.912748 0.22305655479431152
24135.709114 0.22335267066955566
20833.442042 0.2236485481262207
84890.419904 0.22394609451293945
31144.263993 0.2242436408996582
86188.610934 0.22454047203063965
5005.729546 0.22484445571899414
85013.811585 0.2251431941986084
86395.365299 0.22544145584106445
39190.624887 0.2257382869720459
61163.070778 0.22604060173034668
72196.067155 0.2263350486755371
53558.821737 0.22663259506225586
79331.181907 0.22693538665771484
85257.617600 0.22723793983459473
19921.172568 0.22754216194152832
48519.205238 0.22784209251403809
78830.422953 0.22814464569091797
72197.586212 0.22844672203063965
58017.819475 0.22875022888183594
61623.298483 0.22905397415161133
46732.264485 0.2293543815612793
3232.138671 0.22966384887695312
78944.392972 0.2299671173095703
63626.422074 0.23027467727661133
22407.530846 0.2305762767791748
61561.677255 0.2308816909790039
2379.228009 0.2311861515045166
26926.459744 0.2314891815185547
21144.166173 0.23180150985717773
13410.955088 0.23211050033569336
44657.701015 0.23241567611694336
68787.737788 0.2327280044555664
33500.702279 0.23303627967834473
32901.106560 0.23334956169128418
80475.578883 0.2336564064025879
65552.027755 0.23396849632263184
13123.104064 0.23427844047546387
75151.453341 0.23459219932556152
55866.893608 0.23490381240844727
62712.880887 0.2352151870727539
80611.673533 0.23552775382995605
30704.139813 0.2358400821685791
9760.870810 0.23615193367004395
9943.216900 0.23647141456604004
78049.931303 0.2367851734161377
6357.067273 0.23710346221923828
31574.577338 0.23741674423217773
21628.008375 0.2377312183380127
16513.367793 0.23804831504821777
74070.461710 0.23836755752563477
68211.070645 0.23868417739868164
76002.065374 0.238999605178833
15050.057640 0.23931407928466797
20039.514797 0.23963379859924316
40573.976338 0.23995113372802734
3490.423707 0.24026894569396973
81038.316444 0.24059152603149414
27210.126101 0.24091458320617676
85647.146888 0.24123764038085938
70864.008112 0.24155879020690918
55613.835049 0.2418839931488037
46180.505516 0.24220800399780273
33459.481236 0.24252939224243164
38263.640356 0.24285602569580078
85621.488961 0.24318242073059082
55553.124241 0.24351000785827637
78934.863246 0.24383902549743652
84596.323917 0.24416518211364746
62429.053786 0.244492769241333
76952.857511 0.24482250213623047
62996.777792 0.24515461921691895
76100.835103 0.24547791481018066
68853.886535 0.24581003189086914
9623.591351 0.2461400032043457
20438.409087 0.24647164344787598
85297.498816 0.24680495262145996
85870.720128 0.24713373184204102
79084.725400 0.24746990203857422
82407.237920 0.2478024959564209
78645.406722 0.2481393814086914
8850.422063 0.2484726905822754
18992.399975 0.24880433082580566
63736.500401 0.24913883209228516
69095.490656 0.24947476387023926
74111.010003 0.24980831146240234
84033.358054 0.2501411437988281
81708.345097 0.2504723072052002
76595.214556 0.2508106231689453
46245.881946 0.2511470317840576
1104.477401 0.2514913082122803
75123.433757 0.2518298625946045
2467.067212 0.2521684169769287
14823.046297 0.25251030921936035
4891.722760 0.2528541088104248
43171.295846 0.25319600105285645
62552.211720 0.2535398006439209
85320.091354 0.2538888454437256
83860.282511 0.2542307376861572
46584.818697 0.25457191467285156
31539.093493 0.25491905212402344
27670.712609 0.2552616596221924
73286.875241 0.25560975074768066
29352.415777 0.25595903396606445
1295.975087 0.25630831718444824
22005.362386 0.25666093826293945
8589.256400 0.25701165199279785
11270.489284 0.25736045837402344
36198.332853 0.25771641731262207
77965.683438 0.25806665420532227
6182.388108 0.2584187984466553
33826.084909 0.2587771415710449
744.516781 0.25912928581237793
35457.661471 0.2594897747039795
74523.358214 0.25984787940979004
70671.145779 0.2602086067199707
65584.391608 0.2605600357055664
52820.531044 0.26091814041137695
2234.485404 0.26127099990844727
68655.621422 0.26163244247436523
58096.499128 0.2619922161102295
68211.420053 0.26235222816467285
80212.712288 0.26271724700927734
55657.577875 0.263080358505249
18740.260639 0.2634468078613281
12821.884869 0.2638108730316162
73200.527669 0.264174222946167
34172.287081 0.2645390033721924
69790.475324 0.2649075984954834
11296.552145 0.26528000831604004
16441.992986 0.2656524181365967
64913.985993 0.2660191059112549
32709.818286 0.2663853168487549
51524.496743 0.2667553424835205
6297.913217 0.26712703704833984
32486.275851 0.2675032615661621
36766.208550 0.2678840160369873
328.631972 0.26825761795043945
84088.484699 0.26863574981689453
9964.629913 0.269014835357666
21799.880732 0.2693958282470703
23935.021555 0.2697756290435791
85917.275418 0.2701561450958252
71601.460927 0.2705385684967041
53824.240508 0.2709219455718994
13688.182570 0.27130937576293945
31409.392285 0.2716965675354004
63238.996252 0.2720804214477539
12449.309662 0.272463321685791
3374.426373 0.27285146713256836
24481.830232 0.2732400894165039
78817.107141 0.27362871170043945
75456.534183 0.2740206718444824
71662.461671 0.27440977096557617
84843.153338 0.27480292320251465
586.459120 0.27520203590393066
4257.955848 0.2755916118621826
74753.344681 0.2759857177734375
66525.978373 0.2763850688934326
73970.690500 0.2767908573150635
5226.125387 0.2771937847137451
57328.704580 0.2775919437408447
69568.118851 0.27798914909362793
32862.732072 0.2783970832824707
17064.492115 0.27880072593688965
82685.430520 0.2792026996612549
67659.531006 0.27960944175720215
68846.479422 0.28002166748046875
1643.159492 0.28043460845947266
3250.190462 0.28084826469421387
44842.116583 0.28125905990600586
72587.892573 0.28167176246643066
76426.715129 0.28208351135253906
1393.261862 0.2825007438659668
22089.198508 0.28292322158813477
22074.114638 0.2833378314971924
8140.424035 0.28375697135925293
30684.404023 0.28417515754699707
31874.568686 0.28459930419921875
63626.758746 0.28502559661865234
69279.965139 0.28545522689819336
33749.008037 0.28588366508483887
69281.685938 0.2863130569458008
18692.523457 0.28674888610839844
18540.477036 0.2871835231781006
14091.488860 0.2876169681549072
79824.498580 0.28804945945739746
65203.226836 0.288485050201416
17390.801597 0.28892040252685547
9966.675916 0.2893638610839844
2812.219303 0.28980255126953125
79471.406603 0.29024457931518555
21399.413770 0.2906968593597412
34073.881851 0.29114770889282227
83477.252177 0.2915916442871094
5821.137936 0.29204368591308594
26780.119074 0.29248952865600586
53441.440638 0.2929496765136719
53641.292037 0.2934105396270752
74755.660018 0.2938697338104248
6668.559693 0.294325590133667
76675.920199 0.29478907585144043
8962.723753 0.2952547073364258
28549.392336 0.29572010040283203
84763.237233 0.2961883544921875
33305.088347 0.2966628074645996
23738.033444 0.29714155197143555
28793.759007 0.29761719703674316
9628.265513 0.29809093475341797
15611.641011 0.2985703945159912
16755.293147 0.29904961585998535
11052.259058 0.2995336055755615
5874.992014 0.3000197410583496
1853.480165 0.300506591796875
83466.703013 0.30100202560424805
64572.641229 0.301499605178833
67776.987337 0.3019881248474121
75271.599136 0.3024916648864746
22877.918149 0.3029952049255371
79514.174272 0.30350399017333984
75266.205704 0.30401039123535156
2411.246277 0.3045201301574707
85026.693961 0.305034875869751
69923.375087 0.30555033683776855
78539.463530 0.3060629367828369
58319.684033 0.3065814971923828
65571.104407 0.30710268020629883
19069.413209 0.3076298236846924
35113.715860 0.3081519603729248
72679.544058 0.308687686920166
63396.320949 0.3092184066772461
15941.357067 0.30974817276000977
4944.307642 0.3102841377258301
27556.601627 0.31082820892333984
9185.060601 0.31137728691101074
2445.544527 0.31194281578063965
75147.698997 0.3124961853027344
21723.087552 0.31306004524230957
628.985071 0.3136255741119385
26299.689334 0.31420016288757324
23079.636358 0.3147871494293213
62470.862590 0.31536173820495605
12251.412748 0.31594085693359375
75451.171554 0.3165144920349121
27901.201627 0.3170928955078125
20038.835192 0.3176848888397217
63550.773099 0.3182837963104248
24271.505072 0.31888532638549805
85291.049507 0.31948018074035645
82888.414492 0.32008957862854004
84505.738207 0.32070016860961914
2917.262083 0.321321964263916
13606.430394 0.32193613052368164
71931.876714 0.32256531715393066
55450.434690 0.3231935501098633
62943.533116 0.32383108139038086
12143.839055 0.3244752883911133
23295.208149 0.32512712478637695
15170.372126 0.32578253746032715
17290.426623 0.32644057273864746
11830.757416 0.32710862159729004
5918.179334 0.3277626037597656
18844.122085 0.32844090461730957
71732.994280 0.3291141986846924
34949.896657 0.32979702949523926
11417.423463 0.33048415184020996
83939.712129 0.3311755657196045
79350.527840 0.3318748474121094
80462.909299 0.33258557319641113
81935.784297 0.3332986831665039
80421.647036 0.3340144157409668
36737.869367 0.3347480297088623
10728.621356 0.3354930877685547
75511.579573 0.33624935150146484
73533.989864 0.3370025157928467
14313.368575 0.33776330947875977
85621.956004 0.33854126930236816
85531.238153 0.33931446075439453
2673.371682 0.3401026725769043
53978.995085 0.3408975601196289
61852.023216 0.341702938079834
83664.561227 0.3425133228302002
68688.388008 0.3433358669281006
76383.852340 0.34417033195495605
74477.005463 0.345012903213501
84528.937834 0.3458743095397949
60987.998998 0.34675049781799316
77236.442400 0.3476235866546631
81874.824527 0.34850382804870605
45925.187722 0.3494076728820801
7331.179079 0.3503282070159912
77648.294025 0.3512396812438965
13972.910761 0.3521726131439209
9932.468244 0.353118896484375
84666.148082 0.3540914058685303
18700.096953 0.3550705909729004
12769.215644 0.35607051849365234
64793.766562 0.3570842742919922
69982.187762 0.35811471939086914
3199.941778 0.3591642379760742
75979.584020 0.36021876335144043
19866.100809 0.36130285263061523
12974.687911 0.36240077018737793
63145.511719 0.36353445053100586
70968.582984 0.3646683692932129
64737.174007 0.36583399772644043
70300.565195 0.3670351505279541
79047.511908 0.36823081970214844
34213.186135 0.3694460391998291
15022.499959 0.37070775032043457
81248.386078 0.371997594833374
74144.389450 0.373305082321167
6551.511009 0.37464189529418945
39112.783352 0.3760244846343994
67068.829045 0.3774290084838867
59530.724816 0.3788433074951172
80783.742174 0.3803117275238037
30242.303408 0.38181543350219727
71811.080836 0.38333892822265625
83303.680955 0.38490724563598633
3977.622436 0.38651394844055176
81737.713029 0.3881866931915283
22024.043771 0.38989830017089844
3602.760027 0.3916463851928711
16109.576485 0.39344358444213867
68200.991373 0.39531803131103516
83293.279727 0.39725637435913086
85635.074168 0.39925169944763184
84207.237938 0.4012935161590576
17236.641095 0.4034419059753418
78244.109439 0.40567612648010254
83477.623024 0.40799665451049805
80460.949042 0.4104142189025879
84846.732434 0.4129207134246826
28735.994735 0.4155564308166504
18989.242071 0.41829419136047363
84726.111359 0.42118072509765625
73309.237275 0.42423582077026367
79168.900919 0.42741990089416504
17020.867980 0.43086814880371094
82005.165059 0.4345109462738037
1767.753279 0.43837547302246094
1788.132588 0.4425773620605469
68731.128357 0.44703221321105957
81601.219245 0.4519469738006592
1532.290656 0.4572300910949707
69659.568457 0.4630708694458008
4056.156408 0.46957969665527344
67780.860154 0.47690677642822266
15698.737416 0.4853346347808838
21130.653924 0.4952690601348877
3881.650750 0.507164478302002
63996.318460 0.5220792293548584
79942.550275 0.5420272350311279
17467.800204 0.5717883110046387
67298.461258 0.6284418106079102
67298.461258 1000

