81796.195067 0.0011086463928222656
31978.543688 0.01548004150390625
15504.914084 0.016141176223754883
8885.236396 0.016774415969848633
40145.466691 0.017635107040405273
85682.270869 0.018697261810302734
48002.608032 0.01970362663269043
84690.673621 0.020611286163330078
2895.146632 0.021390438079833984
34492.177310 0.022021770477294922
73671.305691 0.02259039878845215
137.312760 0.02313518524169922
36485.587351 0.023634910583496094
28459.262252 0.024094343185424805
85692.319654 0.024522781372070312
50042.130385 0.024910688400268555
84014.652479 0.02527308464050293
8888.052007 0.025602340698242188
54386.267675 0.02590465545654297
86137.972052 0.02617812156677246
35032.374727 0.02644038200378418
45291.028259 0.026693105697631836
50810.934697 0.026950359344482422
15268.864781 0.02721118927001953
38628.798066 0.027489900588989258
18954.375520 0.027796506881713867
72075.800954 0.028153181076049805
55086.199768 0.0285646915435791
69792.005713 0.029048919677734375
32339.096949 0.02959299087524414
25182.128465 0.030191898345947266
16102.363325 0.030832290649414062
29687.805050 0.03152108192443848
37720.123071 0.03224468231201172
29180.513199 0.03299593925476074
82638.574355 0.03375959396362305
73299.886476 0.03450489044189453
38486.234020 0.035214900970458984
84701.578823 0.03593254089355469
22164.600027 0.036657094955444336
58980.174496 0.037392377853393555
23529.059246 0.038144826889038086
68628.390606 0.03888845443725586
41735.558043 0.03962540626525879
12681.194075 0.040383100509643555
50239.933813 0.04114055633544922
27574.841716 0.04190325736999512
3437.247201 0.04265093803405762
72016.057038 0.04337120056152344
66502.729611 0.044087886810302734
13832.309224 0.04477691650390625
80391.512647 0.04546475410461426
19189.118240 0.04614377021789551
9207.148371 0.046823978424072266
66783.064150 0.0475311279296875
15186.671707 0.04828810691833496
21619.733006 0.049077510833740234
18864.357937 0.049901485443115234
53644.204232 0.05073046684265137
43751.802003 0.05158376693725586
85314.089089 0.052442073822021484
7798.042077 0.05331301689147949
81897.149724 0.05415797233581543
55918.206202 0.05499434471130371
4373.646581 0.05579519271850586
12686.467780 0.05658531188964844
27683.142099 0.05734753608703613
15345.683646 0.058092594146728516
18426.036803 0.05882763862609863
79430.573554 0.059540510177612305
71558.656044 0.06025838851928711
19382.480315 0.06096196174621582
954.770154 0.061662912368774414
85107.732145 0.06235647201538086
65809.532201 0.06302475929260254
17679.604891 0.06369614601135254
36961.105014 0.06435251235961914
2070.001904 0.06499195098876953
1113.365114 0.06562185287475586
11164.646348 0.06623291969299316
71383.111027 0.06682419776916504
28412.963374 0.06740236282348633
42914.360162 0.06796622276306152
70488.454417 0.0685124397277832
32211.879416 0.06904125213623047
56690.883732 0.06955671310424805
21082.775193 0.07003593444824219
75644.741684 0.07048392295837402
74438.374891 0.07091069221496582
61209.960110 0.07132649421691895
39196.568153 0.07172369956970215
6752.445635 0.07211685180664062
29766.005811 0.07250189781188965
35440.519436 0.07288837432861328
59641.949606 0.073272705078125
14640.975985 0.07365584373474121
49466.618834 0.07403779029846191
26543.885785 0.07442903518676758
59701.688695 0.07482361793518066
78204.314986 0.07521939277648926
24680.000575 0.07562685012817383
23847.864680 0.07603216171264648
75645.287592 0.07643651962280273
317.489176 0.07683753967285156
33570.822064 0.07723212242126465
20951.482252 0.07762455940246582
61105.409676 0.07801413536071777
15512.225166 0.0784001350402832
43189.661491 0.0787804126739502
8951.449880 0.07915186882019043
11221.540211 0.07951641082763672
57092.715345 0.07987475395202637
69002.684189 0.0802314281463623
39718.632343 0.08058452606201172
2435.356964 0.0809326171875
82718.230645 0.08127164840698242
41481.278088 0.08160710334777832
21607.296042 0.08194208145141602
45051.678580 0.08226704597473145
31784.797120 0.08258295059204102
65151.181424 0.0829017162322998
38679.208693 0.08321714401245117
77817.688189 0.08352446556091309
30925.293346 0.08382868766784668
4044.014349 0.08413100242614746
31308.303535 0.0844278335571289
14554.414222 0.08472347259521484
17589.620928 0.08501601219177246
20355.496029 0.08530211448669434
27039.666418 0.08558797836303711
19196.131384 0.08586978912353516
3043.323458 0.08614945411682129
86051.679407 0.08643245697021484
84274.949203 0.08671259880065918
19300.422574 0.08698868751525879
26413.765246 0.08725976943969727
67232.739072 0.08753085136413574
25491.702774 0.08779501914978027
38492.171791 0.08805704116821289
43817.032561 0.08832192420959473
50093.023454 0.08858537673950195
29616.363654 0.08884024620056152
812.919026 0.08909964561462402
54952.689852 0.08935379981994629
71128.494353 0.08960437774658203
30209.625261 0.08985662460327148
70161.917149 0.09010672569274902
79454.975665 0.09035611152648926
31517.186121 0.09060406684875488
67754.183152 0.09084939956665039
35186.166587 0.09109210968017578
58166.151021 0.09133601188659668
7367.399651 0.09157657623291016
21072.498951 0.09182238578796387
30270.302800 0.09206891059875488
62661.004560 0.09230780601501465
50966.540373 0.09255504608154297
69074.411166 0.09279942512512207
67740.656076 0.09303975105285645
6849.477366 0.09327983856201172
3961.144231 0.09351968765258789
19631.855207 0.09375882148742676
2539.059650 0.09399819374084473
77390.288813 0.0942375659942627
55325.854807 0.09447550773620605
8027.664061 0.09471249580383301
2666.665019 0.09494829177856445
62102.276174 0.0951845645904541
18900.560552 0.09541988372802734
73104.638741 0.09565210342407227
78939.877087 0.09588742256164551
83087.427469 0.09612464904785156
42073.330310 0.0963592529296875
32680.194161 0.09659075736999512
42023.558342 0.09681868553161621
10547.967212 0.09705233573913574
58694.096279 0.09728384017944336
69288.615346 0.09751486778259277
39783.780085 0.09774899482727051
83221.806569 0.0979766845703125
23666.474293 0.09820914268493652
32363.406335 0.09844040870666504
70371.808350 0.09866929054260254
7178.185486 0.09889960289001465
59506.428570 0.09912610054016113
82728.783725 0.09935331344604492
41115.149484 0.0995798110961914
14135.303615 0.09980392456054688
13863.412117 0.10002946853637695
45740.909028 0.10025358200073242
65710.595093 0.10047721862792969
41454.093960 0.10069704055786133
68851.974884 0.1009206771850586
67665.534095 0.10114550590515137
42559.418987 0.10136747360229492
18137.061526 0.10158681869506836
23894.937353 0.10180521011352539
34573.445764 0.10202336311340332
53589.890066 0.10224318504333496
38977.072933 0.10246109962463379
75198.938050 0.1026771068572998
66674.307237 0.10289525985717773
19547.202505 0.10311079025268555
5277.078848 0.10332727432250977
46975.940465 0.10354256629943848
19735.844717 0.10375642776489258
24196.868474 0.10396838188171387
44577.126011 0.10418272018432617
36875.596845 0.10439395904541016
37283.481078 0.10460805892944336
42276.272907 0.10481739044189453
30124.316280 0.10503005981445312
7582.812373 0.1052405834197998
60732.795537 0.10545158386230469
56681.026502 0.10566115379333496
55336.871848 0.10586810111999512
38278.917527 0.10607457160949707
56101.784224 0.10627937316894531
63948.729247 0.10648322105407715
27285.282523 0.10668540000915527
22211.600689 0.1068880558013916
74643.645343 0.10708832740783691
81704.430406 0.10728693008422852
25967.010135 0.1074838638305664
33113.971122 0.1076822280883789
20780.740329 0.1078786849975586
8142.512929 0.10807585716247559
72365.657046 0.10827064514160156
67888.001112 0.10846400260925293
78217.640655 0.10865592956542969
21346.809893 0.10884928703308105
36876.747021 0.1090402603149414
61570.225532 0.10923004150390625
26776.035280 0.10941791534423828
43993.735833 0.1096031665802002
49175.110439 0.10978889465332031
58619.719204 0.10997486114501953
30794.491529 0.11016058921813965
67152.277098 0.11034464836120605
77094.142972 0.11052894592285156
86016.718856 0.11070871353149414
46921.696859 0.11089110374450684
45512.002871 0.11107230186462402
69094.322430 0.11125326156616211
79749.013629 0.11143326759338379
49530.953540 0.11161041259765625
67446.750367 0.11178708076477051
54078.635199 0.11196541786193848
43323.498464 0.11214399337768555
74337.127110 0.11232233047485352
272.949991 0.1125032901763916
38917.261583 0.11268019676208496
59619.751645 0.11285614967346191
59530.463574 0.11303472518920898
58095.408237 0.11321258544921875
7797.084562 0.1133882999420166
10626.177395 0.11356472969055176
38757.941469 0.11374092102050781
23227.764412 0.11391687393188477
72902.920551 0.11409521102905273
48708.778769 0.11427736282348633
31368.472464 0.1144564151763916
13602.007132 0.1146383285522461
62352.974032 0.11481714248657227
13089.939762 0.11499619483947754
5359.452466 0.11517620086669922
49780.160208 0.1153562068939209
29648.721627 0.11553287506103516
45916.652435 0.11571073532104492
61263.688989 0.1158897876739502
41014.392079 0.11606884002685547
9220.892046 0.11624884605407715
63878.169003 0.11642718315124512
40605.567998 0.1166067123413086
63687.778268 0.11678409576416016
56867.329711 0.11696147918701172
10302.582029 0.1171410083770752
71009.668205 0.11732268333435059
37342.326796 0.11749982833862305
38433.007039 0.11767959594726562
28119.178390 0.11786150932312012
30510.836985 0.11803770065307617
15939.176753 0.11821651458740234
25577.736701 0.1183936595916748
68573.603767 0.11857247352600098
28890.319064 0.11875033378601074
55488.286625 0.1189279556274414
67810.893902 0.11910510063171387
62953.364907 0.11928462982177734
25979.223063 0.11946558952331543
20652.434071 0.11964249610900879
72574.607777 0.11982035636901855
84615.323522 0.11999773979187012
53297.599921 0.12017560005187988
12832.861771 0.12035274505615234
53461.693855 0.12053060531616211
43770.678726 0.12070417404174805
66667.061254 0.12087893486022949
9442.657859 0.12105464935302734
54300.575014 0.12122964859008789
26980.927290 0.12140393257141113
68335.036689 0.12157940864562988
70740.836856 0.12175631523132324
67279.191167 0.12193179130554199
49044.895041 0.12210750579833984
50749.534976 0.12228226661682129
80704.252668 0.12245655059814453
17466.687129 0.12263250350952148
19049.521373 0.12280869483947754
37653.831832 0.1229851245880127
48531.109396 0.12315940856933594
3863.788575 0.12333226203918457
50528.231761 0.12350821495056152
51893.772358 0.12368130683898926
40818.278594 0.1238551139831543
14807.089338 0.12402796745300293
61501.101303 0.12420105934143066
27126.405519 0.1243734359741211
1609.118856 0.12454557418823242
63225.605337 0.12472033500671387
37021.599390 0.12489461898803711
37451.723078 0.12506842613220215
73494.185759 0.1252434253692627
13383.390364 0.12541937828063965
24590.976645 0.1255950927734375
33184.959952 0.12576889991760254
79652.042210 0.12594294548034668
30113.389736 0.12611651420593262
39398.846399 0.12629103660583496
39227.764826 0.1264650821685791
55430.397718 0.12663936614990234
31553.839661 0.12681341171264648
39664.771022 0.12698912620544434
8954.957944 0.1271660327911377
35012.367807 0.12734222412109375
3773.218004 0.1275167465209961
37477.891786 0.12769293785095215
43301.464980 0.1278688907623291
42476.085077 0.12804532051086426
55540.370270 0.12822318077087402
43598.618167 0.12839818000793457
1194.211709 0.12857532501220703
19014.553238 0.1287517547607422
50858.625452 0.12892985343933105
34426.079975 0.12911033630371094
21240.821388 0.1292874813079834
65692.886510 0.12946772575378418
13452.779562 0.12964987754821777
23210.447244 0.12983036041259766
64267.089468 0.13000941276550293
22833.702005 0.1301877498626709
32051.260230 0.13036751747131348
30384.527335 0.13054847717285156
10227.567361 0.13073039054870605
56477.147181 0.13091063499450684
54265.567885 0.13109326362609863
54794.491149 0.131272554397583
33867.439056 0.13145709037780762
69482.559734 0.13164114952087402
8925.108015 0.13182377815246582
19603.073296 0.1320056915283203
82714.365913 0.1321876049041748
71946.586319 0.13237261772155762
39229.405460 0.13255667686462402
56863.575487 0.13274049758911133
39897.274842 0.13292264938354492
32321.662285 0.13310956954956055
28148.429840 0.13329505920410156
74958.966499 0.1334831714630127
42074.088400 0.1336669921875
63164.724851 0.13385605812072754
39019.133384 0.13404250144958496
75569.000473 0.1342298984527588
13073.656084 0.13441848754882812
39900.771374 0.13460731506347656
85151.618023 0.1347956657409668
70223.805737 0.13498711585998535
32070.140888 0.13517975807189941
62276.273035 0.13536667823791504
80010.995682 0.13555550575256348
74037.043779 0.1357426643371582
13746.488670 0.13593173027038574
75403.235650 0.1361227035522461
63192.301399 0.13631105422973633
85491.890353 0.13649916648864746
65300.119818 0.13669371604919434
2809.584580 0.1368868350982666
46630.674596 0.13707733154296875
81838.229057 0.1372666358947754
40699.742927 0.13745999336242676
61826.369355 0.1376514434814453
7675.253004 0.13784527778625488
24253.892739 0.13803601264953613
9380.311462 0.1382291316986084
71684.782281 0.13842415809631348
49159.078501 0.13861608505249023
15146.556887 0.1388106346130371
63242.683932 0.13900399208068848
16308.879649 0.13919925689697266
69315.824608 0.13939428329467773
58709.891003 0.13959026336669922
68901.174657 0.139784574508667
9189.593505 0.13998103141784668
73008.125564 0.14017844200134277
71528.631080 0.14037609100341797
48443.747852 0.14057302474975586
4654.543990 0.14076828956604004
76313.399996 0.14096641540527344
53737.121066 0.14116382598876953
14515.895920 0.14136385917663574
20813.879963 0.14156055450439453
67572.819577 0.14175915718078613
82436.926159 0.14195871353149414
15935.601185 0.14215922355651855
68080.844372 0.14235925674438477
47466.036430 0.14255881309509277
13269.389615 0.1427600383758545
63840.569660 0.1429612636566162
43266.824373 0.14316201210021973
14746.768727 0.14335918426513672
62996.128558 0.14356040954589844
9566.428051 0.14376449584960938
56591.602795 0.14396882057189941
1943.403184 0.14417171478271484
15561.414347 0.14437079429626465
80145.689151 0.14457225799560547
27887.624145 0.14477324485778809
18824.378754 0.1449751853942871
41554.797452 0.14517879486083984
22017.850359 0.1453874111175537
22307.287919 0.14559078216552734
25043.300848 0.1457962989807129
76377.833699 0.14599847793579102
54729.309613 0.14620399475097656
19930.536695 0.1464071273803711
27327.386865 0.14661240577697754
22818.415365 0.14681792259216309
24025.807383 0.14702677726745605
984.436328 0.1472330093383789
1433.391912 0.14743947982788086
68121.788643 0.14764642715454102
45370.573414 0.14785265922546387
15639.040690 0.14805865287780762
43382.822109 0.1482679843902588
63627.496044 0.14847397804260254
54665.284691 0.1486828327178955
80330.284102 0.14889049530029297
38914.954011 0.14909768104553223
58677.241251 0.149306058883667
65412.269093 0.14951300621032715
61858.577542 0.14972138404846191
78062.673774 0.14993023872375488
81936.309862 0.15013933181762695
15103.434981 0.15034937858581543
85943.052075 0.1505582332611084
33705.421411 0.15076828002929688
769.418790 0.15098023414611816
23775.462356 0.15119075775146484
15517.673483 0.15140581130981445
81563.051391 0.15161895751953125
60504.695762 0.15183401107788086
60458.019560 0.15204787254333496
40069.302463 0.15226078033447266
72514.685642 0.15247535705566406
75445.571127 0.15268874168395996
1218.292756 0.15290045738220215
12539.823643 0.15311384201049805
44485.729049 0.15333175659179688
71236.952410 0.1535477638244629
44581.935281 0.1537618637084961
12141.042315 0.15397858619689941
7527.260124 0.15419578552246094
72872.005573 0.15441083908081055
64977.097788 0.15462732315063477
68757.091680 0.1548471450805664
9219.027902 0.15506315231323242
57358.459430 0.15528297424316406
37090.149352 0.15549898147583008
9115.617476 0.15571856498718262
33027.445492 0.15593838691711426
19288.595192 0.1561596393585205
5097.806625 0.15638017654418945
82140.373115 0.1566028594970703
9741.551338 0.15682005882263184
53688.941416 0.1570429801940918
255.943189 0.15726685523986816
1980.843669 0.15748858451843262
77037.015516 0.15771102905273438
13565.327687 0.15793657302856445
77695.714057 0.15816187858581543
70377.307446 0.15838623046875
17500.533897 0.15861296653747559
27410.943570 0.15883946418762207
81114.368068 0.15906095504760742
50103.782104 0.15928435325622559
39385.424176 0.15950918197631836
41761.597475 0.15973472595214844
10379.490431 0.159959077835083
52768.141665 0.16018366813659668
8158.810265 0.16040992736816406
59507.632395 0.16063499450683594
59295.697005 0.1608598232269287
57736.804284 0.16108369827270508
45115.841464 0.16131162643432617
29052.252842 0.16154050827026367
78881.328153 0.16176891326904297
45253.778747 0.16199445724487305
20428.783448 0.16222333908081055
20270.768019 0.16245317459106445
74172.360543 0.16267681121826172
62790.723568 0.16290545463562012
75804.204496 0.16313672065734863
40946.405837 0.16336607933044434
66280.262191 0.16359281539916992
83503.935300 0.16382169723510742
2711.493412 0.1640477180480957
70247.298172 0.16427993774414062
78007.469574 0.16451096534729004
80824.095017 0.16474270820617676
2429.220642 0.1649777889251709
13042.790973 0.16521096229553223
68080.900480 0.16544389724731445
5590.045166 0.16567492485046387
27973.809504 0.1659073829650879
77705.643215 0.1661372184753418
63454.056818 0.16637110710144043
57682.060957 0.16660165786743164
58772.188566 0.16683506965637207
23070.694258 0.16707062721252441
805.321378 0.16730523109436035
65480.091845 0.16754388809204102
47480.775109 0.16777896881103516
80692.113405 0.16801691055297852
18064.453827 0.16825342178344727
44673.039001 0.1684882640838623
10947.626735 0.16872501373291016
52889.532468 0.1689615249633789
2757.482118 0.16920232772827148
78013.601553 0.16943788528442383
2258.131828 0.16967463493347168
18506.939896 0.16991186141967773
42502.878382 0.1701502799987793
43204.686208 0.17039203643798828
5386.800880 0.17062926292419434
80209.075162 0.1708695888519287
2575.088172 0.17110776901245117
66172.028994 0.17134523391723633
58626.522630 0.1715865135192871
72105.172947 0.1718277931213379
56789.895955 0.17206764221191406
48421.525727 0.17230558395385742
29088.987670 0.1725447177886963
67036.690538 0.17278552055358887
85329.644367 0.17302632331848145
68155.032520 0.17326879501342773
15867.525627 0.1735093593597412
37324.667448 0.173750638961792
8394.140163 0.17399120330810547
52978.679940 0.17423272132873535
43614.731455 0.17447185516357422
51744.716704 0.1747140884399414
27219.965293 0.17495417594909668
74340.711807 0.17519545555114746
3347.417080 0.17543864250183105
14273.388536 0.17567896842956543
9487.167246 0.1759204864501953
8572.515831 0.17616510391235352
31335.147020 0.17641282081604004
26921.084005 0.17665624618530273
24130.529570 0.17690038681030273
82047.649480 0.17714548110961914
2906.461913 0.17739081382751465
586.068502 0.17763233184814453
79942.108690 0.17787432670593262
9856.340145 0.17811942100524902
46786.240302 0.1783602237701416
34664.114092 0.1786060333251953
13866.313544 0.17885398864746094
66600.831424 0.17910051345825195
76925.365409 0.17934632301330566
72785.892428 0.17959022521972656
24250.679380 0.1798398494720459
20717.819399 0.18008971214294434
36909.982290 0.18033838272094727
397.643457 0.1805877685546875
65528.099486 0.1808326244354248
11151.583557 0.18108510971069336
18828.009537 0.1813335418701172
26052.593083 0.1815814971923828
54672.142069 0.18183255195617676
66316.452518 0.18208527565002441
62569.844094 0.18233346939086914
23962.407055 0.1825864315032959
51602.112781 0.18283772468566895
80711.876766 0.1830892562866211
28863.910503 0.18334174156188965
60543.519019 0.1835925579071045
31628.773349 0.18384313583374023
26556.442744 0.18409514427185059
16642.409006 0.18434691429138184
5812.911884 0.1845998764038086
75961.516810 0.18485260009765625
38893.055355 0.1851036548614502
75614.380889 0.18535614013671875
51026.573293 0.18561077117919922
57364.741342 0.1858680248260498
62909.803814 0.18611907958984375
75690.283836 0.1863720417022705
80926.619482 0.1866288185119629
7922.251153 0.18688321113586426
61766.955622 0.18714237213134766
25956.894178 0.18740081787109375
58477.470371 0.18765759468078613
47269.925792 0.18791484832763672
42447.814657 0.1881728172302246
21121.524469 0.1884315013885498
50017.067302 0.18869376182556152
11918.647781 0.1889503002166748
65980.506904 0.189208984375
31720.919036 0.1894664764404297
83960.078191 0.189727783203125
28851.934252 0.189985990524292
12711.941035 0.1902451515197754
32726.860074 0.1905074119567871
1002.838187 0.19076776504516602
12412.246217 0.19103336334228516
82271.804540 0.1912987232208252
17411.778154 0.19156360626220703
41074.653011 0.19182634353637695
38685.522047 0.19209051132202148
79675.051667 0.19235563278198242
10458.038115 0.19261860847473145
19994.241335 0.19288182258605957
76171.773897 0.19314861297607422
13572.137041 0.19341254234313965
10060.397702 0.19368290901184082
32670.160052 0.19394993782043457
56647.843669 0.19421887397766113
72476.795071 0.1944882869720459
28578.799049 0.19475650787353516
83395.065578 0.1950240135192871
6246.412023 0.19529271125793457
10062.705524 0.19556403160095215
76723.603018 0.19583487510681152
11313.015577 0.19610810279846191
1579.807058 0.19638490676879883
66706.070691 0.19666051864624023
31060.543701 0.19693660736083984
32160.735663 0.19721078872680664
80345.794466 0.19748187065124512
61079.290118 0.19775629043579102
65639.936370 0.19803404808044434
60426.184033 0.19831180572509766
22853.146044 0.19858598709106445
77335.535598 0.19886231422424316
13895.911073 0.1991443634033203
86221.803419 0.19942569732666016
50433.975056 0.19970369338989258
18071.583569 0.1999833583831787
82576.271227 0.20026731491088867
85571.942837 0.200547456741333
3438.512895 0.20082950592041016
10214.589707 0.20111465454101562
26380.843722 0.20139813423156738
23782.674003 0.20168137550354004
40663.307713 0.2019672393798828
3484.135118 0.20226073265075684
45729.777754 0.20255255699157715
58935.200285 0.20284199714660645
16466.550087 0.20313072204589844
27672.206074 0.20341849327087402
23252.111231 0.2037067413330078
48104.618134 0.20400261878967285
67677.821410 0.20429706573486328
85051.534168 0.2045884132385254
62019.736565 0.2048795223236084
22739.134979 0.2051677703857422
64338.729976 0.20546174049377441
6215.920039 0.20575475692749023
26182.219901 0.20605206489562988
13029.677628 0.20635390281677246
69222.883350 0.2066493034362793
18452.493012 0.20695066452026367
4056.990423 0.20725154876708984
74730.467510 0.207550048828125
26501.048508 0.2078537940979004
63446.289757 0.2081589698791504
83364.270870 0.20846247673034668
68503.249498 0.20876598358154297
5958.085244 0.20906853675842285
27753.168020 0.20937252044677734
2735.114790 0.20967364311218262
3570.934279 0.20998239517211914
64636.269008 0.21028923988342285
8252.451716 0.2106022834777832
59734.851868 0.21091270446777344
63015.526538 0.21122050285339355
800.238154 0.21152853965759277
29452.427096 0.2118382453918457
33115.868136 0.21215367317199707
86322.895663 0.21246767044067383
83839.676681 0.2127830982208252
70483.966905 0.2131049633026123
80742.075029 0.21341919898986816
4853.292950 0.21373605728149414
20596.597491 0.21405863761901855
27990.945092 0.21438097953796387
67123.278049 0.21470046043395996
62509.432088 0.21502089500427246
39594.298040 0.21534204483032227
7799.007065 0.21567082405090332
57637.213695 0.21599888801574707
34540.560122 0.216325044631958
79265.747828 0.21665334701538086
5034.447237 0.21698522567749023
81128.443658 0.21731328964233398
15037.527679 0.21764564514160156
61859.276001 0.21797657012939453
3410.108150 0.21831154823303223
63435.651826 0.21864771842956543
65746.943743 0.2189793586730957
66087.122861 0.21930980682373047
1968.670071 0.2196502685546875
8367.247542 0.21999001502990723
21019.407076 0.22033047676086426
7620.889032 0.22066998481750488
14031.970902 0.2210099697113037
48420.345047 0.22135400772094727
70772.424202 0.2216968536376953
62472.804082 0.22204303741455078
82873.803050 0.22239470481872559
71939.946767 0.22274088859558105
17341.151612 0.22308826446533203
76902.897423 0.22343921661376953
28310.615442 0.22379279136657715
57993.482379 0.22414469718933105
68182.305237 0.2245042324066162
55339.668872 0.22485852241516113
52470.617626 0.22521591186523438
50445.559006 0.22557759284973145
12522.686003 0.22593951225280762
77405.579069 0.2263040542602539
81016.463379 0.22666692733764648
77738.131270 0.2270336151123047
2055.469486 0.22739887237548828
75715.412812 0.227769136428833
72165.019655 0.22814512252807617
61546.585534 0.2285158634185791
9631.980582 0.22888875007629395
6165.425419 0.2292613983154297
19635.693061 0.22963237762451172
4348.028166 0.2300107479095459
77461.333710 0.23038864135742188
67867.015635 0.23077034950256348
71915.787622 0.23114967346191406
73863.939682 0.23153448104858398
20228.065021 0.2319192886352539
10417.725406 0.23230552673339844
83646.339240 0.23268890380859375
81928.051424 0.23308253288269043
20075.710085 0.2334766387939453
2681.502510 0.23386764526367188
70082.230587 0.23425936698913574
43587.318640 0.23465323448181152
3218.713241 0.2350461483001709
70222.018198 0.23544836044311523
79330.047754 0.23584461212158203
78131.360905 0.23624753952026367
12526.366564 0.2366504669189453
83923.897278 0.23705220222473145
23238.511302 0.2374560832977295
42885.353807 0.23786592483520508
75040.749340 0.23827910423278809
573.062016 0.23868489265441895
14186.847908 0.23909831047058105
19497.761261 0.23950648307800293
77276.438495 0.23992657661437988
82580.015872 0.2403430938720703
7741.898100 0.24076509475708008
6072.659639 0.24118971824645996
2469.530042 0.24161386489868164
52149.249986 0.24204015731811523
32326.167275 0.24246501922607422
76212.968435 0.24289727210998535
13781.839396 0.2433311939239502
247.520046 0.24376559257507324
46102.008264 0.2442030906677246
27990.476150 0.24463415145874023
44365.611740 0.24507355690002441
13905.033620 0.24552154541015625
60585.173841 0.24596691131591797
3916.620579 0.246412992477417
16098.672977 0.24685382843017578
55556.218034 0.24730610847473145
11027.354133 0.24775981903076172
64775.882452 0.2482151985168457
18241.879605 0.24866700172424316
80187.444686 0.249129056930542
77690.031258 0.24959278106689453
39034.098324 0.25005602836608887
55112.827093 0.2505197525024414
7928.786077 0.2509884834289551
28258.287634 0.25145721435546875
13193.105017 0.25193309783935547
3082.462275 0.2524096965789795
25945.445609 0.2528879642486572
34443.220286 0.2533762454986572
84405.244285 0.2538597583770752
2048.562996 0.2543447017669678
78374.024913 0.2548384666442871
81976.063017 0.255328893661499
2017.395524 0.25582218170166016
74796.899336 0.25630736351013184
69268.000029 0.2568051815032959
9855.054859 0.2573082447052002
27952.792039 0.2578136920928955
84462.200370 0.2583193778991699
80673.525569 0.25883030891418457
73822.423875 0.25934386253356934
81372.779825 0.25986146926879883
4159.539070 0.26038074493408203
71479.313466 0.26089906692504883
2702.408176 0.2614259719848633
83056.538621 0.26195859909057617
25340.318588 0.26248693466186523
68365.293301 0.2630159854888916
27721.048095 0.2635493278503418
77378.873793 0.26409387588500977
74315.375011 0.2646365165710449
3386.543347 0.2651808261871338
572.126009 0.2657287120819092
77665.795808 0.2662792205810547
67648.804547 0.2668447494506836
3655.788806 0.26740407943725586
82157.507775 0.267960786819458
10321.644242 0.2685272693634033
82771.784059 0.26909494400024414
67922.716677 0.2696704864501953
69524.787454 0.2702515125274658
69863.495025 0.2708265781402588
22067.019065 0.2714071273803711
20029.075810 0.2719919681549072
18090.933287 0.2725822925567627
26255.161001 0.2731788158416748
3477.172904 0.27377772331237793
30215.517172 0.274371862411499
78153.370209 0.27498841285705566
73364.781422 0.27559423446655273
18130.014147 0.2762172222137451
66976.975101 0.27683591842651367
65139.067071 0.27745962142944336
16001.595654 0.2780919075012207
15710.880160 0.27872610092163086
70042.210248 0.2793600559234619
23622.693282 0.2799990177154541
82607.338606 0.28064441680908203
72463.638733 0.281296968460083
63820.771681 0.28195667266845703
83407.684896 0.28261232376098633
3284.256163 0.283280611038208
22001.061870 0.28394365310668945
60176.957333 0.2846205234527588
22540.183583 0.2853050231933594
18227.449607 0.28598594665527344
74189.759077 0.28667449951171875
11029.382493 0.2873690128326416
23101.935860 0.2880744934082031
52444.518802 0.28877782821655273
24740.611000 0.2894937992095947
9816.147065 0.2902109622955322
14978.590358 0.29093480110168457
84334.663786 0.2916586399078369
6375.601248 0.2923851013183594
64542.489080 0.29312968254089355
83593.372404 0.2938880920410156
29842.408051 0.2946450710296631
73338.168590 0.29540443420410156
75974.962011 0.29616498947143555
83657.908657 0.29694437980651855
70806.565526 0.2977290153503418
4696.854018 0.2985193729400635
18121.566657 0.2993154525756836
1606.692645 0.3001236915588379
3752.412990 0.3009297847747803
55642.130664 0.30173373222351074
85488.030369 0.3025670051574707
14687.215331 0.30339908599853516
47946.020677 0.30423688888549805
81092.821084 0.30508971214294434
78149.967772 0.30594468116760254
73123.482775 0.30681681632995605
75171.951971 0.3076906204223633
66260.605384 0.30858540534973145
71066.828067 0.3094642162322998
80061.386881 0.31037306785583496
53736.522086 0.31129026412963867
4390.246070 0.3122069835662842
19578.829411 0.31313514709472656
69384.512305 0.3140907287597656
86061.113039 0.31504082679748535
1778.132803 0.31601572036743164
77659.003733 0.31699585914611816
72940.731910 0.31799745559692383
32231.404325 0.3189969062805176
4749.798231 0.31999754905700684
23305.776645 0.3210184574127197
78182.041166 0.3220534324645996
83626.932003 0.3230924606323242
82952.222187 0.3241610527038574
17165.516472 0.32522106170654297
2587.823339 0.3263106346130371
71587.852565 0.3274242877960205
65467.553067 0.32853150367736816
76229.476092 0.3296535015106201
10392.649033 0.33080291748046875
72280.348013 0.3319532871246338
6387.945235 0.33313655853271484
80114.344201 0.33429574966430664
83604.803030 0.3355119228363037
2588.323151 0.3367288112640381
86132.586979 0.3379831314086914
61290.006039 0.3392469882965088
57934.411879 0.34051942825317383
6892.814221 0.341813325881958
79118.360851 0.3431084156036377
70125.568574 0.34444642066955566
67833.388763 0.3458230495452881
3478.454381 0.3471977710723877
68335.680444 0.348588228225708
18074.795787 0.3500025272369385
28070.437197 0.35144996643066406
1201.077204 0.352916955947876
67144.394192 0.35439276695251465
10044.652867 0.3559300899505615
84994.673126 0.3574850559234619
70090.613584 0.3590812683105469
82250.178499 0.3606901168823242
70421.393304 0.36231493949890137
25812.018774 0.3639960289001465
85647.236026 0.3656890392303467
12534.248040 0.3674333095550537
83755.312681 0.3692355155944824
72784.323028 0.3710296154022217
8458.392093 0.37287163734436035
39229.702471 0.37471771240234375
82770.348374 0.3766202926635742
898.962820 0.3786132335662842
5720.453839 0.380648136138916
78285.658393 0.38269519805908203
66765.598120 0.38482141494750977
77080.475065 0.38698530197143555
72766.851006 0.38921523094177246
39100.656003 0.3915135860443115
82544.718911 0.39385414123535156
22689.656821 0.3962838649749756
68480.629591 0.3987424373626709
83235.673103 0.4012775421142578
20400.525590 0.4039020538330078
56047.022487 0.40660595893859863
2882.303037 0.4094090461730957
16880.109085 0.4122943878173828
79048.236557 0.41528844833374023
82548.490199 0.41832542419433594
4089.042214 0.42151498794555664
81056.363484 0.4248237609863281
74277.331801 0.42824769020080566
69910.072278 0.4319155216217041
80482.402097 0.43565821647644043
70639.914197 0.4395170211791992
1847.566980 0.4435915946960449
79229.740152 0.4477877616882324
22461.240034 0.4522392749786377
79093.742372 0.4569084644317627
838.058031 0.4617609977722168
80198.464080 0.46694254875183105
17310.095035 0.47243785858154297
66878.832499 0.47829103469848633
1371.430840 0.4844391345977783
4220.146944 0.49111127853393555
21339.627441 0.49829769134521484
72951.377954 0.5061042308807373
36599.355092 0.5146477222442627
65129.150237 0.5239381790161133
16468.377269 0.5340499877929688
14477.155427 0.5455031394958496
6142.185472 0.5584311485290527
3391.292931 0.5731766223907471
81526.567855 0.5902094841003418
22709.335145 0.610694169998169
67545.283053 0.6354446411132812
69213.539945 0.6677920818328857
72122.309450 0.7126355171203613
70146.933521 0.7805309295654297
69134.610402 0.9094538688659668
63029.645042 1.1761999130249023
8103.494056 1.592594861984253
17212.710766 2.230064868927002
16429.388506 3.215884208679199
81238.422518 5.057593584060669
70015.309417 7.590142726898193
