1480.602450 0.0008490085601806641
64341.599764 0.0011858940124511719
17935.205278 0.0012264251708984375
69713.365940 0.0012485980987548828
11065.591243 0.0012636184692382812
55943.353978 0.0012748241424560547
84284.276233 0.001283884048461914
50099.414200 0.0012917518615722656
82150.139142 0.0012984275817871094
82687.492510 0.0013043880462646484
58719.337421 0.0013098716735839844
2943.119088 0.0013148784637451172
6548.089357 0.0013194084167480469
59136.381205 0.001323699951171875
1569.151479 0.0013277530670166016
68789.291281 0.001331329345703125
70640.595680 0.0013349056243896484
9317.428991 0.0013382434844970703
74952.283373 0.0013415813446044922
18929.609524 0.001344919204711914
8631.415479 0.0013477802276611328
54676.533693 0.0013508796691894531
6186.975806 0.0013537406921386719
21940.670732 0.0013566017150878906
68611.424219 0.0013592243194580078
79088.088062 0.001361846923828125
73187.602078 0.0013644695281982422
36464.709979 0.0013670921325683594
10214.796483 0.0013697147369384766
65230.839297 0.0013720989227294922
69520.547333 0.0013744831085205078
54816.406383 0.0013768672943115234
40653.846115 0.001379251480102539
18477.079423 0.0013816356658935547
66631.843761 0.0013837814331054688
82882.542823 0.0013859272003173828
21347.104843 0.0013883113861083984
25019.674649 0.0013904571533203125
1055.052281 0.0013926029205322266
6316.380492 0.001394510269165039
21672.960183 0.0013966560363769531
7183.177654 0.0013985633850097656
2386.284555 0.0014007091522216797
63194.764952 0.0014026165008544922
78697.619066 0.0014045238494873047
82882.095997 0.0014064311981201172
73793.220195 0.0014083385467529297
54631.270181 0.0014102458953857422
18719.971422 0.0014121532440185547
60082.601528 0.0014138221740722656
74702.391017 0.0014154911041259766
66458.325483 0.0014171600341796875
2270.557251 0.0014188289642333984
66367.412583 0.0014202594757080078
13889.861036 0.0014219284057617188
41222.245239 0.0014233589172363281
68130.550302 0.0014247894287109375
82350.788267 0.0014262199401855469
25897.273732 0.0014278888702392578
50773.515344 0.0014293193817138672
62859.307083 0.0014307498931884766
72856.917613 0.001432180404663086
82788.466315 0.0014336109161376953
10413.912944 0.0014352798461914062
1743.330808 0.0014367103576660156
19540.287636 0.001438140869140625
33968.663013 0.0014395713806152344
49401.305378 0.0014410018920898438
65386.707844 0.0014424324035644531
74911.723522 0.0014438629150390625
10010.332355 0.0014455318450927734
24337.062448 0.0014469623565673828
35476.313553 0.0014483928680419922
44722.155590 0.0014498233795166016
59423.107450 0.001451253890991211
64126.036039 0.0014526844024658203
66757.779122 0.0014541149139404297
58665.547842 0.001455545425415039
58732.815360 0.0014569759368896484
5222.263178 0.0014584064483642578
39735.553711 0.0014598369598388672
31077.917184 0.0014612674713134766
20457.811980 0.001462697982788086
12816.514843 0.0014641284942626953
76540.330947 0.0014653205871582031
67291.836739 0.0014667510986328125
5127.448404 0.0014681816101074219
2608.598683 0.0014696121215820312
9851.813032 0.001470804214477539
6465.306804 0.0014722347259521484
37198.048473 0.0014736652374267578
14487.831029 0.0014750957489013672
66693.308316 0.001476287841796875
33175.704115 0.0014777183532714844
83962.768163 0.0014789104461669922
57811.377606 0.0014803409576416016
18907.011688 0.001481771469116211
61954.320543 0.0014829635620117188
23269.751009 0.0014843940734863281
63769.487046 0.001485586166381836
1381.611079 0.0014870166778564453
54668.171184 0.0014882087707519531
81448.214405 0.001489400863647461
44383.402950 0.0014908313751220703
71486.928780 0.0014920234680175781
14970.374837 0.0014934539794921875
45806.259691 0.0014946460723876953
70942.738724 0.0014958381652832031
14170.932092 0.0014972686767578125
36560.932478 0.0014984607696533203
64606.843403 0.0014996528625488281
86004.326244 0.001500844955444336
21976.536570 0.0015022754669189453
48666.067138 0.0015034675598144531
68971.867757 0.001504659652709961
79336.830179 0.0015058517456054688
14505.322501 0.0015072822570800781
28826.863585 0.001508474349975586
4512.622971 0.0015096664428710938
5898.749291 0.0015108585357666016
70668.173309 0.0015120506286621094
8446.087067 0.0015132427215576172
2022.836646 0.0015146732330322266
29092.429078 0.0015158653259277344
454.685003 0.0015170574188232422
57419.085187 0.00151824951171875
65057.248428 0.0015194416046142578
72617.838977 0.0015206336975097656
81567.805284 0.0015218257904052734
9212.899395 0.0015230178833007812
19153.145647 0.0015244483947753906
24266.666573 0.0015256404876708984
31173.328068 0.0015268325805664062
4249.303726 0.001528024673461914
52897.362018 0.0015292167663574219
62659.661918 0.0015304088592529297
66537.185974 0.0015316009521484375
72401.828843 0.0015327930450439453
77253.021794 0.0015339851379394531
8371.240697 0.001535177230834961
1162.190940 0.0015366077423095703
18546.987217 0.0015377998352050781
21754.682397 0.001538991928100586
28038.015800 0.0015401840209960938
36320.823037 0.0015413761138916016
44895.433342 0.0015425682067871094
58827.175904 0.0015437602996826172
66770.353451 0.001544952392578125
7470.724358 0.0015461444854736328
79473.691522 0.0015473365783691406
84126.913233 0.0015485286712646484
16312.098991 0.0015499591827392578
25256.296322 0.0015511512756347656
31804.883573 0.0015523433685302734
43381.206133 0.0015535354614257812
5571.372037 0.001554727554321289
6250.838100 0.0015559196472167969
67152.905421 0.0015571117401123047
78327.363854 0.0015583038330078125
84901.652436 0.0015594959259033203
18731.109252 0.0015609264373779297
2763.401415 0.0015621185302734375
37230.436356 0.0015633106231689453
54003.706071 0.0015645027160644531
63660.762395 0.001565694808959961
76518.869017 0.0015668869018554688
13572.659035 0.0015683174133300781
27292.446787 0.001569509506225586
46985.231955 0.0015707015991210938
63169.854541 0.0015718936920166016
77212.967470 0.0015730857849121094
12929.611878 0.0015745162963867188
31701.541241 0.0015757083892822266
52590.978492 0.0015769004821777344
68000.938865 0.0015780925750732422
86301.202401 0.00157928466796875
27680.018765 0.0015807151794433594
47923.906228 0.0015819072723388672
75601.146564 0.001583099365234375
20675.538199 0.0015845298767089844
44588.729254 0.0015857219696044922
66995.667072 0.0015869140625
12057.304288 0.0015883445739746094
37927.661707 0.0015895366668701172
69250.603012 0.001590728759765625
20004.737172 0.0015921592712402344
56417.856744 0.0015933513641357422
9834.617865 0.00159454345703125
47476.214595 0.0015959739685058594
80773.257858 0.0015971660614013672
44481.116048 0.0015985965728759766
83510.024218 0.0015997886657714844
45085.010984 0.0016012191772460938
81011.966684 0.0016024112701416016
4667.084311 0.001603841781616211
10254.300981 0.0016052722930908203
64036.291350 0.0016064643859863281
26756.810499 0.0016078948974609375
81157.624590 0.0016090869903564453
55076.601392 0.0016105175018310547
25474.147738 0.001611948013305664
81475.037101 0.0016131401062011719
65514.426311 0.0016145706176757812
52241.276910 0.0016160011291503906
28586.779606 0.001617431640625
17015.876946 0.0016188621520996094
85970.742496 0.0016200542449951172
78182.626336 0.0016214847564697266
7114.193379 0.001622915267944336
67792.585837 0.0016243457794189453
67283.278050 0.0016257762908935547
64040.614817 0.001627206802368164
66192.311391 0.0016286373138427734
67786.505410 0.0016300678253173828
77681.622457 0.0016314983367919922
12067.704159 0.0016331672668457031
23370.747581 0.0016345977783203125
4763.176033 0.0016360282897949219
69245.159092 0.0016374588012695312
15119.771998 0.0016391277313232422
46738.773291 0.0016405582427978516
75338.328594 0.001641988754272461
25417.003466 0.0016436576843261719
71688.623020 0.0016450881958007812
31229.404474 0.0016467571258544922
82417.933516 0.0016481876373291016
55456.213828 0.0016498565673828125
17018.630037 0.0016515254974365234
78747.499925 0.0016529560089111328
65391.666983 0.0016546249389648438
52608.850098 0.0016562938690185547
44926.140386 0.0016579627990722656
48187.381504 0.0016596317291259766
5927.333977 0.0016613006591796875
70945.608689 0.0016629695892333984
10221.371035 0.001664876937866211
33054.532835 0.0016665458679199219
6948.085942 0.0016682147979736328
19887.778672 0.0016701221466064453
66304.937926 0.0016717910766601562
32111.527134 0.0016736984252929688
85414.606699 0.0016753673553466797
72091.579898 0.0016772747039794922
60739.760597 0.0016791820526123047
52689.988748 0.0016810894012451172
63961.146001 0.0016829967498779297
76780.778504 0.0016849040985107422
25201.782804 0.0016870498657226562
63380.867720 0.0016889572143554688
26495.516341 0.0016911029815673828
84072.338899 0.0016930103302001953
68617.541908 0.0016951560974121094
59225.166105 0.0016973018646240234
59625.514604 0.0016994476318359375
64415.873448 0.0017015933990478516
84239.969586 0.0017037391662597656
38794.798649 0.0017061233520507812
85340.975645 0.0017082691192626953
66592.556672 0.001710653305053711
59836.188864 0.0017130374908447266
65947.918084 0.0017154216766357422
82256.673071 0.0017178058624267578
32804.294193 0.001720428466796875
78574.633808 0.0017228126525878906
64257.663634 0.0017254352569580078
47498.888162 0.001728057861328125
54364.960855 0.0017306804656982422
85016.294470 0.0017333030700683594
56947.002674 0.0017361640930175781
50629.263245 0.0017390251159667969
77385.524184 0.0017418861389160156
32660.118011 0.001744985580444336
82116.014369 0.0017478466033935547
75826.179831 0.001750946044921875
7779.088192 0.0017540454864501953
5916.550070 0.0017573833465576172
44477.400650 0.001760721206665039
63892.785805 0.001764059066772461
29002.249131 0.0017676353454589844
27309.207214 0.0017712116241455078
51217.802464 0.0017747879028320312
26161.710322 0.0017786026000976562
40146.107079 0.0017824172973632812
18801.394593 0.0017864704132080078
57117.506832 0.0017905235290527344
26261.997599 0.0017948150634765625
57128.618722 0.0017991065979003906
4643.707009 0.0018036365509033203
62794.697618 0.00180816650390625
8655.454471 0.0018129348754882812
16677.725985 0.0018181800842285156
66790.738377 0.0018231868743896484
21246.062792 0.0018286705017089844
66586.351804 0.0018341541290283203
84676.600791 0.0018398761749267578
33816.829911 0.0018460750579833984
76273.375543 0.001852273941040039
18930.900822 0.0018589496612548828
58784.878111 0.0018656253814697266
35564.004231 0.0018727779388427734
40445.984082 0.0018801689147949219
6488.536762 0.0018877983093261719
28160.282871 0.001895904541015625
34000.417423 0.0019042491912841797
69656.510123 0.0019125938415527344
46495.086098 0.0019214153289794922
52705.299726 0.0019304752349853516
65363.521467 0.0019397735595703125
25153.744276 0.0019495487213134766
67842.400110 0.0019593238830566406
86027.674023 0.001969575881958008
8775.299624 0.0019800662994384766
26897.277645 0.0019910335540771484
12775.313387 0.0020020008087158203
1118.324042 0.0020134449005126953
44495.255467 0.002025127410888672
81709.005041 0.0020372867584228516
6255.478908 0.0020499229431152344
68822.696661 0.0020630359649658203
60084.042753 0.0020771026611328125
44338.482033 0.002091646194458008
38856.960166 0.002106904983520508
84626.019163 0.0021228790283203125
34771.385688 0.0021402835845947266
85492.960890 0.0021584033966064453
27673.245154 0.002178192138671875
18168.853328 0.0021996498107910156
70426.226980 0.002222776412963867
18872.787791 0.0022487640380859375
59486.776000 0.0022780895233154297
458.840353 0.0023107528686523438
72519.714225 0.0023467540740966797
10072.034962 0.0023872852325439453
11169.925940 0.002432107925415039
63830.912952 0.0024843215942382812
25557.391710 0.0025413036346435547
66415.157508 0.002601146697998047
14065.333530 0.002666473388671875
17849.301339 0.0027344226837158203
82609.929408 0.002802610397338867
20205.514444 0.0028760433197021484
25520.319776 0.0029535293579101562
71669.128435 0.0030345916748046875
65540.782170 0.0031175613403320312
59524.938805 0.003203868865966797
80577.309149 0.0032889842987060547
81540.720643 0.003374814987182617
17997.229729 0.0034627914428710938
79798.893003 0.003554821014404297
69182.501113 0.0036535263061523438
15509.409379 0.0037484169006347656
62621.606175 0.0038411617279052734
9884.908107 0.0039272308349609375
37071.442443 0.00402069091796875
81252.929962 0.004116058349609375
79145.502922 0.004211902618408203
73631.254319 0.004307746887207031
29441.732863 0.0044019222259521484
83823.574012 0.004495859146118164
44098.911010 0.0045909881591796875
11136.336975 0.00469207763671875
83332.857943 0.004793882369995117
5666.918831 0.0048940181732177734
70464.808353 0.004983425140380859
9328.854784 0.005074739456176758
3024.786054 0.005170345306396484
19173.218690 0.005269289016723633
78773.382131 0.005366802215576172
14128.855740 0.0054705142974853516
83398.598123 0.005595207214355469
81650.491447 0.005773067474365234
85996.031169 0.0059854984283447266
77020.275662 0.006176471710205078
11914.274884 0.006385326385498047
1662.429219 0.006638050079345703
2996.255732 0.006960391998291016
81410.231750 0.0073125362396240234
85817.834008 0.007687568664550781
5328.571670 0.008085966110229492
15.092792 0.008485078811645508
80714.777197 0.008922100067138672
12070.065250 0.009441137313842773
2010.424583 0.010136127471923828
851.932501 0.010923624038696289
67936.574820 0.011737823486328125
48772.553890 0.012580633163452148
13456.939117 0.013318061828613281
1292.621045 0.013888359069824219
10799.121152 0.014292001724243164
21113.055528 0.014625072479248047
11248.929762 0.01492762565612793
81903.733549 0.015216827392578125
43069.886694 0.015535116195678711
85007.465208 0.01591968536376953
22311.070786 0.016379356384277344
73257.987101 0.016852855682373047
82807.644778 0.01724696159362793
71520.091316 0.017545461654663086
53876.651495 0.01779007911682129
50362.375498 0.017990589141845703
82117.870098 0.018157482147216797
83542.266882 0.018302202224731445
64268.793812 0.018435955047607422
66918.810427 0.01855611801147461
61182.615747 0.018670082092285156
907.161063 0.01878070831298828
55770.686696 0.018887996673583984
36199.498017 0.01899266242980957
50018.291867 0.01909494400024414
35523.128391 0.01919388771057129
78068.967363 0.019286632537841797
78531.500664 0.019378662109375
37420.208507 0.019470691680908203
41659.337953 0.019561767578125
66775.235241 0.019649982452392578
39232.262156 0.019737720489501953
58174.446961 0.019825220108032227
79200.860227 0.019911766052246094
22766.291129 0.019999027252197266
69397.912674 0.020086288452148438
38588.185304 0.0201723575592041
15731.971416 0.020258665084838867
7787.665624 0.020343542098999023
69522.165542 0.020427703857421875
35453.865962 0.020512104034423828
47021.857090 0.020597219467163086
46004.159055 0.02068328857421875
72906.609838 0.020769119262695312
60123.143220 0.020856618881225586
77587.027002 0.020945072174072266
60426.896403 0.02103447914123535
10555.822482 0.021128177642822266
43596.358083 0.02122330665588379
6603.162361 0.02131819725036621
67321.456256 0.021413564682006836
14619.749006 0.02150869369506836
80722.624982 0.0216066837310791
37283.278094 0.021708011627197266
64598.348760 0.021811962127685547
10800.364240 0.02191781997680664
33768.555611 0.022025585174560547
78791.140060 0.022136926651000977
85933.604593 0.02225184440612793
29109.766445 0.022368907928466797
69153.993389 0.022487640380859375
63059.354464 0.02260303497314453
63257.510010 0.022724628448486328
72305.056163 0.022846221923828125
79368.785892 0.022966861724853516
47891.716996 0.0230867862701416
53847.979127 0.023209095001220703
1934.254362 0.02332925796508789
16538.204217 0.023450851440429688
28271.389554 0.023569107055664062
23716.824184 0.02368307113647461
33553.463113 0.023796796798706055
66221.413542 0.023909568786621094
16135.679030 0.024020671844482422
6127.279836 0.024129629135131836
59827.790240 0.024236440658569336
969.065308 0.024342775344848633
79107.219669 0.024447917938232422
10873.771176 0.0245511531829834
58125.732734 0.02465200424194336
30559.679885 0.0247495174407959
48868.821105 0.02484440803527832
72317.682642 0.024938106536865234
62690.463522 0.02503061294555664
50922.967462 0.025123119354248047
59976.481023 0.025213956832885742
50832.241349 0.025303125381469727
25962.039631 0.025391101837158203
64769.790830 0.025480031967163086
19308.861152 0.025570154190063477
13825.196312 0.02565932273864746
2911.979210 0.025748729705810547
30824.479449 0.025838375091552734
1542.639068 0.025927305221557617
19846.760414 0.0260164737701416
51428.150325 0.026106834411621094
26583.849019 0.026198625564575195
13210.209072 0.0262911319732666
51721.667792 0.02638387680053711
62831.456108 0.026478052139282227
61680.472934 0.026572704315185547
19538.500389 0.026669740676879883
30031.800167 0.026768207550048828
16969.330280 0.026867151260375977
7971.019495 0.026964187622070312
82110.336470 0.02706003189086914
61138.584134 0.027155399322509766
19372.771051 0.027250289916992188
21410.389127 0.027343034744262695
34070.859266 0.027434110641479492
47156.942022 0.027524709701538086
69209.867630 0.027612924575805664
42649.246074 0.02770233154296875
98.421253 0.027791976928710938
20987.854268 0.027879714965820312
82326.358351 0.027967214584350586
53299.673859 0.028052806854248047
26108.077039 0.028138160705566406
62692.977188 0.028221607208251953
30096.306583 0.028304100036621094
73620.219002 0.028384685516357422
57685.344158 0.028464317321777344
69372.352255 0.028543710708618164
26137.068817 0.028622150421142578
15605.794382 0.02869892120361328
63204.129897 0.028775453567504883
84180.070244 0.028851985931396484
11714.380315 0.028928041458129883
15173.720716 0.029001712799072266
19696.051174 0.029074907302856445
70732.465071 0.029145479202270508
62046.396440 0.02921438217163086
13600.642625 0.0292818546295166
22117.537574 0.02934861183166504
77566.260147 0.029413938522338867
22085.053988 0.029477834701538086
50684.907459 0.0295407772064209
54592.115478 0.0296018123626709
8058.291045 0.0296628475189209
47136.747107 0.02972269058227539
48336.182790 0.029780864715576172
73835.029797 0.029837846755981445
61908.889898 0.029894590377807617
74804.011847 0.029951095581054688
45506.258580 0.03000664710998535
76116.021740 0.03006124496459961
7242.310033 0.03011465072631836
27071.053039 0.030167341232299805
4577.843432 0.030219554901123047
53596.748284 0.030269384384155273
31314.957283 0.0303194522857666
21495.284176 0.030369043350219727
25200.182271 0.030417680740356445
27307.059179 0.030466079711914062
61440.317458 0.030514240264892578
30478.315059 0.03056192398071289
71359.944739 0.030608415603637695
32800.626525 0.030654191970825195
234.988839 0.0307004451751709
43023.321324 0.030746936798095703
37904.752262 0.030792951583862305
27367.009520 0.0308382511138916
48717.241024 0.030883312225341797
64508.048045 0.03092813491821289
85704.370644 0.03097367286682129
17638.285854 0.031018972396850586
6007.470940 0.03106403350830078
32480.008608 0.031109094619750977
53880.463523 0.03115391731262207
35559.542280 0.031197309494018555
74508.636049 0.03124094009399414
7505.371311 0.03128409385681152
52944.374583 0.0313267707824707
40190.552072 0.03136897087097168
80164.394947 0.03141140937805176
77022.816509 0.031453847885131836
63810.107783 0.03149580955505371
53880.591013 0.031537771224975586
63576.645123 0.031579017639160156
85921.776429 0.03162026405334473
60510.045772 0.0316615104675293
80816.249827 0.03170275688171387
42469.193664 0.03174448013305664
66428.346343 0.03178596496582031
422.180644 0.031827449798583984
68897.194990 0.031868934631347656
61800.474501 0.03191065788269043
56851.292290 0.0319523811340332
50024.974805 0.03199458122253418
44028.404852 0.032036781311035156
83824.939143 0.032079458236694336
85926.112024 0.03212285041809082
62968.233890 0.0321660041809082
46750.076019 0.032209157943725586
42698.762471 0.03225255012512207
27880.721323 0.03229570388793945
82959.078408 0.03233909606933594
60419.665359 0.03238272666931152
56000.988516 0.03242635726928711
45243.109319 0.03246927261352539
60243.178305 0.032512664794921875
35773.571740 0.03255629539489746
85382.075613 0.03259897232055664
45202.719346 0.03264331817626953
17498.016470 0.03268742561340332
56245.906340 0.03273129463195801
30643.355476 0.03277587890625
17352.088859 0.03281974792480469
3616.516998 0.03286433219909668
16650.635058 0.03290867805480957
37796.927084 0.03295326232910156
40348.887048 0.032997846603393555
40658.823096 0.03304290771484375
53521.749565 0.03308844566345215
7125.100949 0.033133745193481445
1728.583083 0.033179283142089844
57783.753012 0.033225297927856445
28896.621809 0.03327202796936035
2845.248307 0.033318281173706055
47366.010549 0.033365488052368164
25483.320845 0.033411502838134766
20196.803546 0.03345799446105957
82482.411488 0.03350472450256348
18221.403470 0.03355073928833008
25744.803947 0.03359699249267578
78975.349285 0.03364372253417969
51933.342043 0.033690452575683594
46305.962914 0.033737897872924805
38723.994124 0.03378558158874512
23493.479515 0.033832550048828125
35905.553630 0.03388023376464844
16518.202957 0.033928871154785156
3406.064449 0.03397655487060547
19602.523191 0.034024953842163086
39302.955129 0.034073829650878906
52715.235847 0.034122467041015625
56912.157101 0.03417158126831055
60630.392021 0.03422260284423828
47897.800188 0.03427386283874512
65813.807628 0.03432607650756836
68304.269928 0.0343775749206543
2301.614575 0.03443026542663574
60836.004634 0.034484148025512695
3434.082200 0.03453850746154785
79060.597005 0.03459310531616211
3453.791077 0.03464865684509277
85056.845147 0.034705400466918945
14455.414448 0.03476285934448242
63541.639818 0.034820556640625
2738.930694 0.03487992286682129
35043.849179 0.03493952751159668
71208.682514 0.03500008583068848
79686.848987 0.035063743591308594
8262.741063 0.035128116607666016
18075.877048 0.035195112228393555
59584.986273 0.035262346267700195
25206.729686 0.03533172607421875
46499.123629 0.03540158271789551
7536.020574 0.03547358512878418
34560.645427 0.035547733306884766
67983.027997 0.035622596740722656
354.193014 0.03569912910461426
39832.565113 0.03577733039855957
68221.723690 0.035856008529663086
78525.064357 0.03593730926513672
84351.436054 0.036019086837768555
68677.490014 0.036104440689086914
60888.423887 0.03619122505187988
31685.779024 0.03627896308898926
28555.339118 0.03636884689331055
38596.244881 0.03646254539489746
19967.711571 0.03655600547790527
78977.386849 0.03665304183959961
12716.997791 0.036752939224243164
54710.155245 0.03685188293457031
36171.360346 0.036952972412109375
6677.328728 0.03705596923828125
7085.760948 0.03716087341308594
21867.393658 0.03726792335510254
27081.317855 0.03737592697143555
22909.505157 0.03748512268066406
55286.622772 0.03759503364562988
22535.626058 0.03770637512207031
63089.692171 0.03781914710998535
65281.377489 0.03793025016784668
21023.716495 0.03804492950439453
69596.044134 0.03815960884094238
37143.831200 0.03827404975891113
18452.498067 0.03838920593261719
20602.059244 0.03850388526916504
10708.570913 0.03861880302429199
7656.380312 0.03873705863952637
34784.711296 0.03885293006896973
40206.108151 0.038970232009887695
34987.122353 0.03908705711364746
22044.165419 0.039206504821777344
6548.220389 0.039327144622802734
13323.141666 0.039444923400878906
1794.543361 0.03956103324890137
77021.143346 0.03967738151550293
69800.822162 0.0397946834564209
41761.366532 0.039910316467285156
25474.551022 0.04002547264099121
17060.938112 0.040140390396118164
85214.632458 0.04025387763977051
24873.008574 0.04036569595336914
67741.129006 0.04047870635986328
8125.746866 0.040589094161987305
60052.286623 0.04069995880126953
63153.390464 0.04080915451049805
13418.567194 0.04092073440551758
151.157465 0.0410311222076416
53107.503039 0.04114222526550293
24404.543292 0.04125165939331055
86274.322354 0.04136061668395996
8454.111346 0.04147028923034668
69636.363690 0.0415806770324707
23306.263677 0.04169034957885742
11267.750077 0.04180002212524414
15855.953606 0.041910648345947266
29460.554872 0.04202151298522949
76541.004141 0.04213142395019531
2916.962594 0.04224085807800293
26713.071505 0.042348623275756836
17112.715793 0.04245638847351074
10874.481761 0.042562246322631836
13477.195547 0.04266929626464844
85227.595985 0.042775630950927734
2630.873417 0.04288053512573242
75182.927931 0.04298520088195801
17195.035214 0.043089866638183594
63276.022022 0.04319500923156738
33565.329796 0.04330015182495117
79368.877382 0.043406009674072266
85338.042339 0.04351401329040527
30348.320638 0.04362177848815918
6585.519738 0.04372835159301758
22769.898740 0.04383516311645508
68536.692207 0.04394221305847168
6172.565380 0.04404783248901367
8061.261041 0.044155120849609375
5826.725063 0.04426264762878418
25098.739001 0.04436945915222168
55618.860616 0.04447650909423828
18051.403642 0.04458117485046387
4479.875187 0.04468512535095215
70876.294658 0.044790029525756836
63086.284961 0.04489612579345703
16142.519096 0.045003414154052734
65149.715373 0.04510784149169922
15386.480008 0.04521441459655762
25869.141582 0.04532170295715332
82734.279520 0.045429229736328125
6015.563957 0.045537471771240234
64887.747035 0.045644521713256836
59027.203213 0.04575228691101074
83394.586890 0.045861005783081055
48490.999416 0.04596900939941406
31897.600756 0.04607582092285156
55080.143567 0.04618477821350098
57429.649610 0.04629230499267578
9732.532060 0.04640054702758789
5239.127551 0.046508073806762695
65310.092928 0.04661417007446289
56117.303612 0.0467219352722168
1364.141505 0.04683041572570801
86348.350547 0.046938180923461914
83517.566445 0.0470433235168457
81850.219978 0.04715228080749512
23859.786987 0.047260284423828125
68377.610772 0.04736733436584473
39328.676843 0.047476768493652344
82000.192235 0.04758620262145996
81687.621581 0.04769635200500488
75140.945915 0.047807931900024414
68875.692426 0.047919273376464844
80054.741220 0.04803133010864258
64594.252510 0.0481419563293457
52474.319666 0.04825282096862793
12202.379062 0.04836440086364746
21581.307900 0.04847526550292969
13402.914352 0.04858660697937012
11327.294563 0.048699140548706055
4457.610052 0.04881167411804199
59971.496250 0.048923492431640625
71392.678996 0.049035072326660156
64425.275669 0.049147605895996094
81368.260314 0.04925870895385742
7733.358007 0.04937171936035156
15373.360541 0.049484968185424805
55127.901312 0.04959821701049805
22600.599029 0.0497126579284668
1081.476114 0.049825429916381836
79437.219842 0.04994058609008789
48323.332070 0.05005455017089844
58335.364337 0.05016779899597168
4132.143909 0.05028200149536133
18049.734019 0.05039620399475098
57095.992491 0.05051088333129883
79203.652086 0.050623416900634766
11195.523270 0.05073857307434082
61565.858204 0.05085325241088867
85186.549567 0.050966501235961914
1603.204978 0.05108165740966797
10668.997662 0.051195621490478516
53305.488352 0.051309823989868164
60190.502990 0.05142474174499512
43246.508847 0.05153918266296387
13917.800016 0.05165410041809082
74555.571847 0.051772356033325195
53315.736768 0.05188941955566406
53273.794907 0.05200767517089844
1644.962339 0.052126407623291016
66921.842871 0.0522458553314209
56170.647569 0.05236363410949707
64595.848037 0.05248117446899414
66567.488122 0.05259895324707031
14222.809661 0.05271792411804199
48962.470660 0.05283784866333008
10884.675756 0.05295610427856445
56270.929568 0.053076744079589844
40834.398489 0.05319714546203613
20028.204660 0.05331754684448242
58454.465027 0.05343818664550781
11759.837763 0.05355954170227051
68403.295875 0.05368161201477051
1734.182268 0.053804874420166016
2315.419074 0.05392742156982422
58112.907952 0.054048776626586914
5574.917007 0.054172515869140625
50075.094490 0.05429506301879883
82207.157059 0.05441713333129883
66385.144687 0.054540157318115234
2178.985178 0.05466461181640625
10167.685334 0.05478668212890625
68228.202079 0.05491018295288086
22793.604419 0.055032968521118164
4716.225922 0.05515575408935547
7441.441327 0.05527925491333008
3561.070808 0.0554044246673584
16199.945290 0.05553078651428223
22385.053303 0.055657148361206055
6226.771151 0.05578470230102539
67255.056268 0.05591273307800293
14829.766093 0.05604267120361328
15197.460256 0.056173086166381836
52212.166075 0.056302785873413086
21541.473424 0.056435585021972656
35201.530160 0.056568145751953125
81333.113676 0.05670166015625
73813.046166 0.056835174560546875
59144.983845 0.05696845054626465
62041.632126 0.057103633880615234
15319.639060 0.057240962982177734
9201.964463 0.05737757682800293
60471.269347 0.05751752853393555
18703.752784 0.057657480239868164
18689.725704 0.057799339294433594
3729.283041 0.05794215202331543
68151.090812 0.05808424949645996
61980.376916 0.058226823806762695
72164.565074 0.05837225914001465
76587.800128 0.058516502380371094
29848.492816 0.058660268783569336
48684.032134 0.05880618095397949
10004.514269 0.058951377868652344
809.240431 0.059099435806274414
58812.022662 0.05924725532531738
84223.348121 0.05939793586730957
5197.240216 0.05955028533935547
19431.293842 0.05970358848571777
64212.382955 0.0598604679107666
76580.913883 0.06001925468444824
45163.589209 0.06018257141113281
84545.130511 0.06034708023071289
70978.230199 0.06051492691040039
59046.452092 0.06068110466003418
66130.083327 0.06085324287414551
72681.054770 0.06102871894836426
67933.127033 0.061205387115478516
11239.793186 0.06138420104980469
59794.776860 0.06156587600708008
76047.944616 0.06174778938293457
70778.240210 0.06193113327026367
23100.158011 0.062117815017700195
64082.399265 0.06230616569519043
15749.876226 0.06249713897705078
30466.521403 0.06268596649169922
19468.091014 0.06287837028503418
73044.234015 0.06307101249694824
72752.727260 0.06326603889465332
82146.108468 0.06346440315246582
85072.934795 0.06366682052612305
79674.052689 0.06387543678283691
31901.890081 0.0640869140625
75627.511170 0.06429862976074219
40193.424195 0.0645134449005127
63326.114464 0.06473374366760254
79408.670026 0.0649573802947998
72708.526601 0.06518340110778809
74497.603625 0.06541180610656738
73117.837081 0.065643310546875
23229.073310 0.06588101387023926
78904.151865 0.06612277030944824
84349.668189 0.06636261940002441
82626.107424 0.06660103797912598
41886.469687 0.06684017181396484
83774.712815 0.06708025932312012
82359.713908 0.06732416152954102
19414.799371 0.06757020950317383
70465.485010 0.06782388687133789
50126.511805 0.06808042526245117
79061.102822 0.06833958625793457
13863.288141 0.0686028003692627
20766.094953 0.06887078285217285
80837.630281 0.06913995742797852
57415.396065 0.06941461563110352
64083.003071 0.06969118118286133
26789.884604 0.06997108459472656
20428.372762 0.07025575637817383
71776.538277 0.07053613662719727
12898.243081 0.07081866264343262
28162.987477 0.07110452651977539
39328.936904 0.07139158248901367
86035.193633 0.071685791015625
20703.203607 0.0719912052154541
84262.951575 0.07229995727539062
2692.467013 0.07260942459106445
62810.250061 0.07292580604553223
85952.509863 0.07325172424316406
62650.652689 0.073577880859375
270.169711 0.0739133358001709
15443.022809 0.07424736022949219
76569.820746 0.07458615303039551
50248.929806 0.07492923736572266
84922.684039 0.07527613639831543
2302.687676 0.07562780380249023
47326.748671 0.0759897232055664
2065.878421 0.0763542652130127
3769.510689 0.07672810554504395
75017.647216 0.0771026611328125
9241.690516 0.07749414443969727
3763.795017 0.07788681983947754
21839.571026 0.07828259468078613
25924.725430 0.07868313789367676
5196.738370 0.07908821105957031
84501.449806 0.0794973373413086
85217.334894 0.0799109935760498
76578.386432 0.08033561706542969
67828.520424 0.08077311515808105
50584.909941 0.0812234878540039
84796.206067 0.08167624473571777
75126.196509 0.08214163780212402
57688.070033 0.08260416984558105
10796.920010 0.08308076858520508
85386.765813 0.08356666564941406
72146.450889 0.08406352996826172
17359.115875 0.08458352088928223
19088.678328 0.08511972427368164
44097.356009 0.08567333221435547
67840.769356 0.08624553680419922
14097.805989 0.08682823181152344
42478.476181 0.08742928504943848
68117.932828 0.08805060386657715
82271.638298 0.08871889114379883
85727.595084 0.0894021987915039
81014.897273 0.09012174606323242
15268.945910 0.0908651351928711
76826.160019 0.09164142608642578
64185.241338 0.09245586395263672
64204.025789 0.09331321716308594
30072.849649 0.09421610832214355
86184.138511 0.09512972831726074
75365.994366 0.09609794616699219
12834.001571 0.09711217880249023
81647.288954 0.09816384315490723
22399.236068 0.09926009178161621
45736.628517 0.1004328727722168
78268.218585 0.1016395092010498
8567.812864 0.10289859771728516
64146.374261 0.10421609878540039
2747.383044 0.10561871528625488
21388.089961 0.10708403587341309
12754.608685 0.10864758491516113
70069.882061 0.11033439636230469
51385.935064 0.11211299896240234
11347.024884 0.11402130126953125
73637.142578 0.11605358123779297
67111.863041 0.11826205253601074
58928.449256 0.12065625190734863
6419.212100 0.1232447624206543
42819.298200 0.12596368789672852
42690.489119 0.12892389297485352
69398.547395 0.13218426704406738
52097.986721 0.13570642471313477
5256.282327 0.13954520225524902
60081.674806 0.14375853538513184
43971.497950 0.14833641052246094
76083.149840 0.1534895896911621
66746.044074 0.15932440757751465
47359.828321 0.16597867012023926
62807.383471 0.17361974716186523
23346.277234 0.18242406845092773
77855.502246 0.1927499771118164
72943.904168 0.20490217208862305
77032.856239 0.21967339515686035
10809.129566 0.23787713050842285
65658.818582 0.26101064682006836
55592.233070 0.29259443283081055
66175.927598 0.3402724266052246
60985.890030 0.42130041122436523
16919.878080 0.6160240173339844
17323.712700 2.029576301574707
74074.242502 4.374234199523926
23851.384086 7.268099784851074
23851.384086 1000

