23808.542556 0.0010423660278320312
60885.280791 0.015961170196533203
2399.867547 0.017284631729125977
32882.828575 0.01907658576965332
16420.749460 0.02050018310546875
13649.953380 0.021576404571533203
49163.658175 0.022385358810424805
80483.612045 0.023085594177246094
189.748035 0.023809432983398438
54412.975779 0.024518251419067383
29959.555443 0.025143861770629883
17522.045807 0.02569866180419922
84720.821253 0.0261838436126709
30107.389038 0.026604890823364258
30091.500442 0.027006149291992188
45751.769834 0.027386903762817383
82208.348933 0.02778148651123047
33328.182701 0.02823185920715332
52845.919138 0.028794050216674805
59601.939791 0.029488086700439453
67213.839551 0.030298948287963867
34390.901270 0.031226158142089844
52630.188854 0.03219270706176758
18663.666478 0.033213138580322266
65987.011913 0.03426170349121094
53125.237061 0.035248756408691406
69508.666077 0.036211490631103516
30479.945940 0.03715395927429199
58758.638419 0.03813338279724121
70314.856008 0.03907895088195801
27486.411401 0.0400388240814209
85731.298343 0.04096484184265137
61913.838963 0.04189276695251465
9200.272673 0.042821407318115234
67432.367740 0.04373645782470703
20062.019721 0.04461979866027832
56832.533145 0.04549121856689453
77609.639258 0.04635286331176758
11316.173110 0.04720020294189453
15388.644140 0.04809284210205078
6634.870647 0.049018144607543945
1995.216334 0.04997587203979492
9348.451332 0.05093812942504883
51775.715138 0.05191469192504883
48953.580566 0.05289959907531738
62592.788467 0.05386233329772949
70562.245106 0.05482959747314453
47676.857818 0.055773258209228516
84820.662050 0.05670571327209473
74487.047221 0.05759572982788086
18270.044696 0.05847311019897461
57514.612270 0.05932211875915527
345.172684 0.060169219970703125
78299.696724 0.06101655960083008
44044.372547 0.061849355697631836
66025.920232 0.06268119812011719
80218.460528 0.06349635124206543
25134.274851 0.0643153190612793
48837.709970 0.06511330604553223
75686.388001 0.0658884048461914
52291.037367 0.06664872169494629
28784.483296 0.06738734245300293
56342.125783 0.0681149959564209
322.540035 0.0688164234161377
4835.517030 0.0694875717163086
46223.011707 0.07013583183288574
4045.891236 0.07075309753417969
20469.100778 0.07133793830871582
65231.554872 0.07189369201660156
28749.596389 0.07243657112121582
11756.149533 0.07295751571655273
1108.349291 0.07347822189331055
44565.114089 0.07399106025695801
8561.733280 0.07450652122497559
57760.694699 0.07501602172851562
56679.427812 0.07553505897521973
1609.290010 0.07606077194213867
69684.820300 0.0765993595123291
59243.383933 0.07712554931640625
8711.079978 0.07766294479370117
29561.995519 0.07819676399230957
51714.283017 0.07872819900512695
74189.513020 0.07926106452941895
18344.611303 0.0797724723815918
39484.711774 0.08027815818786621
23079.131878 0.08077573776245117
15403.660725 0.08126544952392578
18490.424512 0.08174872398376465
66538.945467 0.08221936225891113
7183.746492 0.08268427848815918
43911.224856 0.08315300941467285
80984.830803 0.08360171318054199
72920.579463 0.08404874801635742
19862.667133 0.08448410034179688
71442.501804 0.0849142074584961
55254.140075 0.08533930778503418
19194.164148 0.08575677871704102
17692.980093 0.08616852760314941
81842.054423 0.08657574653625488
32917.359061 0.08697795867919922
70767.635915 0.08737421035766602
67202.509121 0.08776593208312988
66322.713378 0.08815312385559082
4944.188075 0.08852910995483398
65676.107566 0.08890438079833984
7669.101551 0.08927631378173828
13475.661130 0.08964776992797852
35503.029726 0.09001445770263672
76663.503691 0.09037542343139648
84964.460067 0.09073901176452637
40731.454316 0.09110546112060547
49055.695184 0.09146595001220703
25378.638797 0.09182190895080566
50261.711087 0.09217500686645508
85216.782721 0.09253168106079102
44534.984594 0.09287881851196289
25447.337134 0.0932304859161377
6550.042295 0.09357929229736328
22347.751678 0.09393095970153809
69091.906729 0.09427690505981445
38479.499960 0.09462141990661621
17485.464235 0.09496450424194336
5373.977004 0.09531092643737793
22433.407083 0.09564924240112305
10851.168907 0.09599018096923828
20851.741760 0.09632682800292969
14418.762036 0.09666705131530762
15729.366727 0.09700751304626465
31817.046608 0.09734606742858887
67775.687059 0.0976862907409668
73713.093861 0.09802651405334473
73495.888231 0.09835982322692871
77841.381216 0.09869122505187988
6417.508634 0.09902262687683105
83041.975270 0.09935235977172852
7216.137386 0.09968161582946777
34812.639182 0.10001039505004883
2135.096541 0.10034012794494629
13490.219728 0.1006612777709961
34979.011814 0.10098600387573242
70599.176680 0.10130763053894043
9460.319133 0.10162663459777832
76423.906208 0.10194516181945801
21234.864379 0.10226154327392578
8825.599937 0.10257720947265625
13896.769473 0.10289406776428223
726.455515 0.1032114028930664
58811.518344 0.10352635383605957
14873.897041 0.10384225845336914
30733.455154 0.10415315628051758
76395.999955 0.10447049140930176
73384.806605 0.10478043556213379
73793.686599 0.1050877571105957
8744.081744 0.10539770126342773
37959.061315 0.10569977760314941
28773.216910 0.10600042343139648
8373.023062 0.10630512237548828
9414.744690 0.10660600662231445
44563.419026 0.1069035530090332
21572.915572 0.10720014572143555
67410.316687 0.10749459266662598
32414.916258 0.10779213905334473
16411.989646 0.10808444023132324
23098.465535 0.10837745666503906
31625.864581 0.10866570472717285
37292.807207 0.10895586013793945
29400.702857 0.1092376708984375
40197.329434 0.10951828956604004
77314.727177 0.10979771614074707
6925.624903 0.1100771427154541
77777.223516 0.11035585403442383
38169.057725 0.11063003540039062
14876.183587 0.1109015941619873
72013.084901 0.1111745834350586
68794.389532 0.11144375801086426
66903.108720 0.11171293258666992
46994.725228 0.11197566986083984
7352.558005 0.11223936080932617
80795.574362 0.11250686645507812
45724.419059 0.11276626586914062
32328.624557 0.11302638053894043
31368.987949 0.11328601837158203
85470.999706 0.11354351043701172
31709.631489 0.1138010025024414
82326.943258 0.11406111717224121
83964.622401 0.11431455612182617
15553.509398 0.11457252502441406
85072.425108 0.11482667922973633
18779.346076 0.1150827407836914
37948.145824 0.11533784866333008
33772.463446 0.11559224128723145
10275.340603 0.11585283279418945
50635.233051 0.11611080169677734
705.058068 0.11636686325073242
7807.651194 0.11662793159484863
65752.192857 0.11688470840454102
67442.918760 0.11714577674865723
8314.055241 0.11740517616271973
22806.076006 0.11766886711120605
84903.642045 0.11792802810668945
45078.871030 0.11818981170654297
34396.672033 0.11844921112060547
13956.448701 0.11870694160461426
34200.650193 0.11897039413452148
1623.577784 0.11922883987426758
64887.804430 0.11948728561401367
52789.666518 0.11974406242370605
16695.713059 0.12000823020935059
58861.525946 0.12026643753051758
57438.040752 0.12052321434020996
33861.538754 0.12078332901000977
6313.230773 0.12103939056396484
26582.830244 0.12129974365234375
179.343277 0.12155675888061523
45912.624016 0.12181663513183594
83446.712697 0.12207555770874023
17679.439482 0.12233090400695801
4366.540141 0.12258553504943848
75897.767979 0.12284493446350098
48896.080438 0.12310433387756348
39657.523307 0.12336015701293945
10800.561969 0.1236107349395752
25451.367094 0.12386250495910645
38112.857745 0.12411665916442871
52511.412586 0.12437033653259277
6310.409761 0.12462615966796875
32191.661997 0.1248779296875
51299.808050 0.12512707710266113
67078.161168 0.12537908554077148
75486.290190 0.12563300132751465
29520.832043 0.1258852481842041
12772.578103 0.12613654136657715
7541.308400 0.1263902187347412
84450.729619 0.12664055824279785
66504.570690 0.12689828872680664
37872.013738 0.1271507740020752
60431.630483 0.12740588188171387
59159.958287 0.12765836715698242
59730.296546 0.12791681289672852
46006.002165 0.12816762924194336
78819.077646 0.12842273712158203
83531.907903 0.12868046760559082
1134.661044 0.1289362907409668
45800.598653 0.1291964054107666
50994.210384 0.12945079803466797
8118.017425 0.12970757484436035
33208.143599 0.12996578216552734
70074.145964 0.13022470474243164
84258.101841 0.13048076629638672
13175.430300 0.1307361125946045
36366.036416 0.130995512008667
17333.540660 0.1312575340270996
43739.785732 0.13151812553405762
48509.001113 0.13178181648254395
72577.731680 0.13204526901245117
31823.568278 0.13230490684509277
32817.666092 0.1325685977935791
29474.606056 0.13283157348632812
66969.750043 0.13309764862060547
65666.601487 0.13335967063903809
66360.100990 0.1336231231689453
5608.908656 0.13389253616333008
13722.973018 0.13415861129760742
48945.101175 0.13442564010620117
71052.505307 0.13469552993774414
33671.978629 0.13496828079223633
25789.546901 0.13523459434509277
10540.760507 0.13550591468811035
28738.141256 0.1357710361480713
83010.001326 0.13604307174682617
76870.906425 0.13631272315979004
30656.910508 0.13658905029296875
24101.952764 0.1368579864501953
27742.333596 0.13712739944458008
28577.401120 0.13740134239196777
78279.207994 0.13767385482788086
30781.679892 0.13794660568237305
28480.545816 0.13822031021118164
60777.069954 0.13849568367004395
81766.977508 0.13877034187316895
58644.822891 0.13904809951782227
41610.152944 0.13932418823242188
16237.844188 0.1396024227142334
62909.128410 0.1398792266845703
2968.441306 0.14015555381774902
44682.888649 0.14043259620666504
29024.114691 0.1407172679901123
42930.959094 0.14099645614624023
4607.963123 0.14127278327941895
64671.348994 0.1415574550628662
25218.354229 0.14184212684631348
5482.572102 0.14212822914123535
11496.864472 0.14241337776184082
56762.704580 0.1426994800567627
28607.796061 0.142988920211792
42729.752333 0.14327311515808105
24097.682220 0.14356184005737305
51430.307968 0.1438462734222412
46782.793366 0.1441340446472168
77162.017571 0.1444258689880371
42156.887404 0.14471721649169922
73854.097496 0.14500904083251953
23457.037543 0.14530014991760254
24609.680585 0.14559221267700195
81622.880581 0.14588022232055664
51861.581819 0.14617347717285156
51082.819921 0.14646267890930176
65482.337504 0.14675498008728027
29665.305575 0.14705324172973633
17296.416001 0.14734911918640137
2359.817932 0.14764404296875
32679.759899 0.14794063568115234
22742.013188 0.14823651313781738
63947.342914 0.1485285758972168
28710.700585 0.14882564544677734
62884.622118 0.1491224765777588
54289.918766 0.14941883087158203
28140.655525 0.1497173309326172
29573.954317 0.15001749992370605
17237.120948 0.1503162384033203
61894.686944 0.1506204605102539
24038.214416 0.15092229843139648
20806.860913 0.15122270584106445
29251.212950 0.15152478218078613
27169.970835 0.1518263816833496
68243.620924 0.1521313190460205
27602.000560 0.15243744850158691
10119.294064 0.15274572372436523
80548.038081 0.15305495262145996
47710.277753 0.15335798263549805
27162.943281 0.1536698341369629
4344.902038 0.1539781093597412
31789.312639 0.15428614616394043
30294.611597 0.15459299087524414
45294.484641 0.15490341186523438
1813.870227 0.1552140712738037
35760.720103 0.15552330017089844
27269.141251 0.15583562850952148
30270.287098 0.15615296363830566
5707.165435 0.15647029876708984
6692.931926 0.1567845344543457
30811.379003 0.1571052074432373
9085.542462 0.157423734664917
65473.779454 0.1577434539794922
17622.674283 0.15806245803833008
7971.578575 0.15837717056274414
23386.574371 0.15869998931884766
23146.494449 0.15902256965637207
6931.334571 0.15934443473815918
42588.013809 0.15966796875
13852.600291 0.15999102592468262
33079.074449 0.16031503677368164
68620.469482 0.16063618659973145
57340.824784 0.16095829010009766
49298.259541 0.1612839698791504
58527.914317 0.16161036491394043
52922.809294 0.16193270683288574
24919.511991 0.1622624397277832
1265.549740 0.16258835792541504
70196.147638 0.16292071342468262
83213.648493 0.16325163841247559
24037.211140 0.16358113288879395
61210.025203 0.1639080047607422
44712.008009 0.16424107551574707
19786.583463 0.16457033157348633
69191.931306 0.16490459442138672
52763.997721 0.1652379035949707
60748.976324 0.16556572914123535
41406.761925 0.16590166091918945
33901.342138 0.16623806953430176
8228.940088 0.16657114028930664
81492.609590 0.16690707206726074
4962.764016 0.16724061965942383
54338.128234 0.16757631301879883
5179.120022 0.16791868209838867
13562.010364 0.1682589054107666
27119.485750 0.1685945987701416
77394.757891 0.1689305305480957
2083.878375 0.1692674160003662
28645.496464 0.16960573196411133
29640.564428 0.16994285583496094
21155.037050 0.17027783393859863
54450.205543 0.17061686515808105
50878.873518 0.17095303535461426
25861.155292 0.1712946891784668
79776.241525 0.17163848876953125
28326.381465 0.17197775840759277
20627.054276 0.17232155799865723
79727.229587 0.17265963554382324
56326.891434 0.17299938201904297
51324.635754 0.17333769798278809
40799.045570 0.17367267608642578
84553.862342 0.17401647567749023
21566.940014 0.17435979843139648
27724.242045 0.17470479011535645
21831.172646 0.1750478744506836
54108.094178 0.17539358139038086
11351.687493 0.1757373809814453
2531.614501 0.17608380317687988
19297.421304 0.17642855644226074
17681.524017 0.1767745018005371
22213.178227 0.17712044715881348
84223.034720 0.17746424674987793
74220.010225 0.17781448364257812
33353.608433 0.1781609058380127
69388.581105 0.17850828170776367
43127.447916 0.17885279655456543
60493.673380 0.17920303344726562
23475.762442 0.17955422401428223
3363.190539 0.179901123046875
33464.197874 0.18025636672973633
28592.579168 0.18060588836669922
43368.139855 0.1809549331665039
49357.935575 0.1813044548034668
4745.165001 0.1816575527191162
57740.457121 0.18201446533203125
29993.735878 0.18236708641052246
49522.513498 0.18271946907043457
77187.865629 0.18307137489318848
50067.640688 0.1834249496459961
60803.430279 0.1837782859802246
12855.531789 0.18413329124450684
45608.604843 0.18448686599731445
43391.782851 0.18484139442443848
59551.824641 0.18519139289855957
62642.445201 0.1855475902557373
24859.397958 0.18590497970581055
22018.089737 0.1862654685974121
32260.235686 0.18662595748901367
53868.422033 0.18698716163635254
26083.368223 0.1873488426208496
57959.365281 0.18770694732666016
15100.136247 0.18807220458984375
51238.324293 0.1884291172027588
71092.486806 0.18878841400146484
457.976003 0.1891481876373291
6694.419315 0.18950605392456055
58019.406094 0.189866304397583
77225.047827 0.19022512435913086
78277.982958 0.1905841827392578
73608.606805 0.1909472942352295
54448.945917 0.19130945205688477
67233.640994 0.19167447090148926
56005.037843 0.19204139709472656
49775.782726 0.19240403175354004
8790.378997 0.19277191162109375
45495.195672 0.19313645362854004
27387.334327 0.19350004196166992
58184.608735 0.1938645839691162
86397.649035 0.19423389434814453
58821.207183 0.19460678100585938
21108.782038 0.19497203826904297
71968.074913 0.19533920288085938
40214.803802 0.19570684432983398
54346.594099 0.1960735321044922
33887.424814 0.1964409351348877
59920.644830 0.19681191444396973
64735.509998 0.19718027114868164
83172.680895 0.1975536346435547
28501.564750 0.1979234218597412
62496.989631 0.19829249382019043
32280.714150 0.19866347312927246
25534.251482 0.19903850555419922
43370.989531 0.19941186904907227
72588.383553 0.19978690147399902
66476.673193 0.20016193389892578
45845.777908 0.20054125785827637
84983.553657 0.20091485977172852
60663.473067 0.2012953758239746
57384.552057 0.20167112350463867
24853.522679 0.20205116271972656
54269.248191 0.20243310928344727
64452.956946 0.20281600952148438
63758.579227 0.20319795608520508
62729.571759 0.203582763671875
33075.503674 0.2039644718170166
57335.801069 0.2043468952178955
3612.138005 0.20473742485046387
16281.452665 0.2051231861114502
35757.631000 0.20551204681396484
30746.290206 0.20589876174926758
75723.724960 0.206284761428833
52108.509852 0.20667338371276855
2986.925511 0.20706701278686523
37861.456978 0.20746254920959473
18276.786982 0.2078554630279541
3450.277184 0.20824956893920898
64039.544088 0.20864033699035645
42498.731079 0.20903801918029785
70283.323726 0.2094404697418213
55901.823352 0.20983219146728516
75966.378061 0.2102341651916504
11525.195807 0.21062779426574707
10077.030135 0.2110309600830078
37741.492469 0.2114243507385254
49346.738609 0.2118239402770996
86307.788906 0.21222281455993652
69366.635852 0.21262121200561523
11417.748395 0.21303081512451172
66118.538854 0.21342897415161133
36167.537882 0.21383213996887207
72188.621751 0.21424007415771484
76118.594009 0.21464300155639648
64613.866664 0.21504902839660645
4310.933531 0.21546149253845215
12932.049748 0.2158679962158203
84123.956161 0.2162775993347168
638.480664 0.21668696403503418
39634.127117 0.21710491180419922
10739.163553 0.2175157070159912
3543.336065 0.21792960166931152
83554.684630 0.21835017204284668
9214.485811 0.21876788139343262
62859.179340 0.21919035911560059
41109.771672 0.21960806846618652
67621.413683 0.22002410888671875
32263.495100 0.22045540809631348
33705.182410 0.22087812423706055
33094.888255 0.22130131721496582
18755.389817 0.2217254638671875
9036.019537 0.22215008735656738
35114.282176 0.22257399559020996
73932.636052 0.22300362586975098
31792.763646 0.2234325408935547
25927.820349 0.2238600254058838
58019.248526 0.22429347038269043
78831.687452 0.22472429275512695
29222.799168 0.2251574993133545
6089.570945 0.22559666633605957
70296.581081 0.22603321075439453
33959.332563 0.22647476196289062
58480.575685 0.22690463066101074
28804.047061 0.22734546661376953
71360.857288 0.22778987884521484
24413.798000 0.22823143005371094
52158.926423 0.2286689281463623
1598.661276 0.229111909866333
10054.919415 0.22956013679504395
62577.114195 0.23000645637512207
2394.193491 0.23044800758361816
23093.345480 0.23089146614074707
5778.281959 0.23134779930114746
66994.334315 0.23180055618286133
20923.734047 0.2322545051574707
4089.403664 0.2327122688293457
13993.146066 0.2331693172454834
12108.495742 0.23361611366271973
85845.149480 0.2340695858001709
14351.548072 0.2345290184020996
39765.035993 0.23498797416687012
5204.094245 0.23545527458190918
8149.991113 0.235917329788208
5183.879989 0.23638629913330078
23260.828762 0.23685264587402344
34618.606102 0.23731446266174316
46251.698648 0.23778033256530762
60924.096249 0.23824834823608398
61680.128124 0.2387220859527588
58416.405163 0.23919320106506348
66160.428884 0.23966217041015625
74018.036171 0.24013781547546387
59712.187084 0.24062085151672363
61871.872166 0.2411050796508789
61351.163233 0.24158048629760742
26163.680660 0.2420635223388672
60780.381270 0.24254727363586426
20033.369771 0.243025541305542
13364.826808 0.24351024627685547
33947.357579 0.2440042495727539
25847.387415 0.244492769241333
17429.740105 0.2449798583984375
126.082614 0.24548077583312988
56328.701580 0.24597668647766113
22671.975161 0.24646902084350586
14352.071807 0.24696946144104004
72225.452484 0.24746489524841309
58883.532940 0.24796247482299805
4941.312311 0.24846649169921875
78979.520993 0.24897050857543945
17857.690244 0.24947309494018555
29103.660075 0.24998188018798828
73565.457308 0.2504911422729492
2565.342001 0.25100064277648926
78810.253424 0.2515122890472412
76710.532863 0.2520291805267334
13804.827529 0.252547025680542
59186.424723 0.2530672550201416
4783.238447 0.2535829544067383
79068.553597 0.254101037979126
48301.286523 0.2546229362487793
43273.196904 0.2551431655883789
42436.585726 0.2556746006011963
77388.238798 0.2561945915222168
2816.183727 0.2567274570465088
22682.494577 0.2572629451751709
11231.043758 0.2578010559082031
7508.383791 0.2583332061767578
37513.753115 0.2588672637939453
24085.231034 0.25940465927124023
84553.234509 0.25994277000427246
35711.127343 0.2604851722717285
22002.017996 0.26102352142333984
12644.767414 0.2615628242492676
30640.618307 0.2621009349822998
81542.546890 0.2626490592956543
69592.328991 0.26319456100463867
20401.047218 0.2637522220611572
65718.786186 0.2643134593963623
2519.010101 0.26487088203430176
51486.844072 0.2654247283935547
40997.514381 0.2659876346588135
22633.453043 0.26654601097106934
3013.371055 0.2671089172363281
8389.135642 0.26767683029174805
22787.423131 0.26823973655700684
24648.404085 0.2688150405883789
23800.484471 0.2693915367126465
70204.494800 0.26996541023254395
6011.368537 0.2705402374267578
75177.153324 0.2711169719696045
6429.664252 0.2717018127441406
61173.032276 0.27228569984436035
8375.313083 0.27286815643310547
13908.736498 0.2734513282775879
70297.209848 0.2740366458892822
11481.477619 0.2746307849884033
28504.357608 0.27521395683288574
3223.338198 0.2758042812347412
16778.628756 0.2763943672180176
14981.489587 0.2769899368286133
85209.635050 0.2775857448577881
13713.546696 0.2781867980957031
4574.248475 0.27878856658935547
80140.267041 0.27939629554748535
72423.917907 0.28000855445861816
68706.577030 0.2806234359741211
80626.104975 0.2812345027923584
7916.446404 0.2818472385406494
4846.456640 0.28246641159057617
30091.723219 0.2830970287322998
80625.611851 0.2837224006652832
59640.869081 0.28434324264526367
74146.220115 0.28498363494873047
86212.188004 0.2856161594390869
886.595556 0.28625035285949707
25012.884382 0.28688907623291016
54739.650371 0.28752636909484863
68448.621984 0.2881629467010498
68773.060061 0.28881335258483887
70242.032463 0.28946447372436523
1506.126449 0.2901039123535156
7526.315619 0.29074931144714355
72283.519025 0.291414737701416
82520.998897 0.292072057723999
34705.915188 0.2927234172821045
11133.754503 0.29338622093200684
1882.229517 0.2940514087677002
58064.604525 0.29471802711486816
80053.275389 0.29538822174072266
37988.835564 0.2960524559020996
22188.988524 0.2967255115509033
70840.082963 0.29740309715270996
54952.320783 0.2980804443359375
70322.036192 0.29876112937927246
13929.297081 0.2994558811187744
41312.550697 0.300137996673584
79010.508848 0.3008270263671875
1973.618905 0.3015291690826416
29389.056390 0.30222558975219727
80611.008628 0.30292582511901855
27637.592014 0.3036308288574219
17058.359883 0.3043372631072998
65671.103135 0.30504393577575684
73002.527905 0.30574560165405273
36667.102906 0.3064589500427246
70522.063003 0.3071913719177246
1087.325459 0.30791664123535156
14227.411694 0.3086369037628174
44792.638992 0.30936598777770996
40960.730312 0.3101029396057129
27841.342045 0.31083083152770996
10085.339424 0.31157875061035156
72432.981010 0.312319278717041
3650.634044 0.3130812644958496
84921.679385 0.31381773948669434
70324.748803 0.3145759105682373
44887.563455 0.3153197765350342
58387.432133 0.31607937812805176
84062.679338 0.3168370723724365
2032.768209 0.31760621070861816
9634.358919 0.31838035583496094
84480.241487 0.31914305686950684
74968.193198 0.3199315071105957
30281.315215 0.3207237720489502
32047.891046 0.32151031494140625
22863.651206 0.3222997188568115
76516.328546 0.3230893611907959
59399.628496 0.32387852668762207
51727.310039 0.32466769218444824
3064.963003 0.3254814147949219
62090.961262 0.32628631591796875
79825.680750 0.32709670066833496
79922.409356 0.32790088653564453
72981.709993 0.32871270179748535
12018.950819 0.32953453063964844
61193.253426 0.3303649425506592
63436.009174 0.33118605613708496
22824.449239 0.33201122283935547
38256.962998 0.3328561782836914
1160.120467 0.3337068557739258
85276.968119 0.33454322814941406
30580.040272 0.3353910446166992
81010.838533 0.3362538814544678
7529.636022 0.3371095657348633
10445.376909 0.33797359466552734
77109.347554 0.3388381004333496
65697.734937 0.3397049903869629
66689.651313 0.34058332443237305
68766.671964 0.34146642684936523
26270.589569 0.3423585891723633
22979.704343 0.34326171875
217.935166 0.3441505432128906
22590.839645 0.3450591564178467
11050.573816 0.34595179557800293
19034.071050 0.3468630313873291
15489.427141 0.3477661609649658
85977.119425 0.3486952781677246
72449.321055 0.34961414337158203
23115.675914 0.35053277015686035
59050.295596 0.3514678478240967
3996.918597 0.35240602493286133
70113.713144 0.353348970413208
86108.913975 0.35428643226623535
63988.349070 0.35524559020996094
83409.354526 0.35622429847717285
39657.156295 0.3571760654449463
84846.175040 0.3581404685974121
68627.300020 0.35910701751708984
68628.854161 0.36007070541381836
32884.183240 0.36104464530944824
55398.323748 0.36203980445861816
12832.244258 0.36303138732910156
80393.514884 0.36401987075805664
78283.022229 0.3650360107421875
61986.430819 0.3660454750061035
10378.683658 0.3670635223388672
4205.666751 0.36807918548583984
75189.405016 0.3690948486328125
65612.974768 0.37012672424316406
67889.705474 0.37116527557373047
79346.219899 0.37221431732177734
27539.933647 0.3732600212097168
82467.787743 0.3743257522583008
1651.974566 0.3753941059112549
70866.929730 0.3764665126800537
81657.867795 0.3775341510772705
2406.754743 0.3786163330078125
86325.108836 0.3796868324279785
60953.046382 0.3807659149169922
85363.465184 0.38187193870544434
19794.830703 0.3829834461212158
7558.107734 0.38411593437194824
61918.925746 0.38524889945983887
29841.382291 0.38637804985046387
15027.324783 0.3875095844268799
13552.941722 0.388657808303833
53132.802110 0.38980817794799805
82439.783132 0.3909599781036377
75304.035597 0.3921196460723877
26960.105727 0.3932783603668213
86067.315079 0.3944511413574219
4576.860086 0.39563822746276855
73595.353790 0.3968217372894287
74419.219561 0.39803624153137207
67559.938063 0.399242639541626
21290.600047 0.40045833587646484
69006.138616 0.4017007350921631
23368.476691 0.402935266494751
84392.497654 0.4041895866394043
68314.712455 0.4054300785064697
38396.047569 0.4066798686981201
2098.760018 0.40793633460998535
68553.380971 0.40921974182128906
78100.388522 0.4104900360107422
23604.723171 0.41176438331604004
70489.620037 0.4130432605743408
64677.850714 0.41434168815612793
39389.502030 0.4156475067138672
33837.456299 0.4169788360595703
44637.477103 0.41830897331237793
9656.861504 0.4196646213531494
71439.672718 0.4210186004638672
85390.811566 0.4223599433898926
69637.800031 0.4237363338470459
84110.628517 0.425121545791626
51338.348354 0.42653608322143555
825.175848 0.4279344081878662
3143.022234 0.4293384552001953
7052.690165 0.4307537078857422
22977.383179 0.4321777820587158
40626.924987 0.43361544609069824
40949.587454 0.4350624084472656
47562.521065 0.436521053314209
83638.103272 0.43799257278442383
85389.619379 0.4394838809967041
22507.379137 0.4409635066986084
79271.987530 0.44248008728027344
29638.599458 0.44399285316467285
70986.518035 0.4455084800720215
10275.430654 0.4470529556274414
3197.434595 0.4486122131347656
83303.851411 0.45017504692077637
7069.301563 0.4517512321472168
41498.374162 0.4533500671386719
78465.673146 0.45498013496398926
9242.308049 0.45658230781555176
28933.665714 0.458207368850708
84516.276677 0.45985984802246094
84871.100709 0.46149516105651855
75889.158885 0.46316003799438477
12565.594661 0.4648141860961914
19882.539160 0.46650075912475586
79100.115872 0.4681980609893799
15995.838432 0.4699397087097168
931.525244 0.47168469429016113
67271.624008 0.4734039306640625
79689.392971 0.47518038749694824
72642.180453 0.47695040702819824
57620.557708 0.47873783111572266
59452.360073 0.480588436126709
33.047090 0.48243093490600586
29767.620915 0.4842956066131592
78405.104215 0.4861452579498291
78573.528117 0.48799991607666016
1709.950518 0.48989081382751465
273.269027 0.491790771484375
34569.310099 0.4936978816986084
83941.856555 0.4956514835357666
69997.240339 0.4975869655609131
5273.494089 0.49958205223083496
17615.769303 0.5015609264373779
11798.354053 0.5035419464111328
22770.415969 0.5055878162384033
70102.362069 0.5076358318328857
77800.504449 0.5097029209136963
13714.370190 0.511782169342041
65408.010210 0.5139086246490479
65598.631842 0.5160329341888428
67753.038875 0.5181989669799805
75776.712787 0.5203590393066406
3330.052883 0.52254319190979
80777.998740 0.5247268676757812
80425.187248 0.5269591808319092
79446.855617 0.5292127132415771
38828.496485 0.5314991474151611
71076.059952 0.5338375568389893
75998.380352 0.536186695098877
65660.710807 0.5385603904724121
15042.815021 0.54093337059021
63513.324474 0.5433535575866699
11356.919054 0.5457730293273926
76837.005149 0.548203706741333
3371.769326 0.5506479740142822
15856.843659 0.5531258583068848
13331.325482 0.5556230545043945
75269.039678 0.5581719875335693
78842.476907 0.5607550144195557
9775.718792 0.563370943069458
78268.364132 0.566007137298584
13780.241276 0.5686931610107422
65730.850041 0.5713608264923096
85034.225519 0.5740795135498047
66273.940737 0.5768380165100098
24225.546140 0.579641580581665
81926.505736 0.5824801921844482
20205.151049 0.5853657722473145
85187.587021 0.5882909297943115
68109.259282 0.5912737846374512
66102.933546 0.5943024158477783
7445.315851 0.597315788269043
72325.996623 0.6003921031951904
83027.022046 0.6034867763519287
26155.138342 0.60660719871521
69640.622007 0.6097927093505859
18807.042990 0.6129970550537109
19339.243009 0.6162450313568115
17761.068957 0.6195697784423828
71668.510605 0.6229476928710938
19232.461201 0.6263618469238281
14424.527960 0.6297729015350342
21280.197482 0.6333003044128418
15343.122724 0.6368660926818848
75237.408652 0.6404941082000732
66737.275199 0.6441380977630615
62294.211828 0.6477773189544678
21953.419717 0.6515264511108398
19955.890850 0.6553456783294678
23542.267168 0.6592848300933838
18381.745091 0.6632328033447266
78862.378136 0.6671864986419678
78745.925143 0.6712589263916016
66658.200132 0.675356388092041
77674.016028 0.6795518398284912
18378.286151 0.6838221549987793
70137.341892 0.6881654262542725
13755.089910 0.6925585269927979
76514.572137 0.6970632076263428
24832.618961 0.7016680240631104
81780.691843 0.7062852382659912
25482.575096 0.7109663486480713
78613.614386 0.7157909870147705
63702.465437 0.7206976413726807
74105.593873 0.7257204055786133
22024.105333 0.7308809757232666
11609.962092 0.7360663414001465
85597.934215 0.7414491176605225
69174.109020 0.7469217777252197
75603.339902 0.7524158954620361
85930.557069 0.7581830024719238
76199.291866 0.7639031410217285
6147.654178 0.7699236869812012
15275.519818 0.7760214805603027
14733.055065 0.7821142673492432
80011.690899 0.7884743213653564
11924.377522 0.7950170040130615
70575.054079 0.8016636371612549
15983.956336 0.8085546493530273
83798.583088 0.8155410289764404
21705.147460 0.8228471279144287
28073.305529 0.8303818702697754
68908.819243 0.8380951881408691
297.061468 0.8461339473724365
82580.290089 0.854332685470581
70288.609698 0.862912654876709
16221.321214 0.87178635597229
23474.485377 0.8810970783233643
73412.807959 0.8907327651977539
70576.980309 0.9006972312927246
72650.040784 0.9110996723175049
86285.857797 0.9220602512359619
74009.887904 0.933570146560669
76139.394012 0.9457037448883057
22548.249971 0.9584777355194092
1775.856263 0.9718551635742188
22413.521259 0.9862747192382812
85657.184034 1.0015745162963867
81808.192364 1.0180017948150635
84781.335090 1.035632848739624
74262.941031 1.0549776554107666
85239.068401 1.0761117935180664
70563.250053 1.0990664958953857
66195.112443 1.1247749328613281
85419.186244 1.1526460647583008
85038.131550 1.184481143951416
65965.743003 1.221649408340454
20147.914924 1.2646446228027344
11283.069503 1.3152542114257812
85189.834111 1.3773984909057617
74202.378110 1.4529120922088623
84615.943177 1.5508201122283936
72273.133598 1.681999921798706
84705.887012 1.8687968254089355
80028.589082 2.126479148864746
15447.802746 2.460747241973877
12583.398208 2.858516216278076
71939.569069 3.2696540355682373
23838.049071 3.663177967071533
19415.288657 4.054433107376099
64851.714518 4.442354202270508
1617.954994 4.842806339263916
65655.130332 5.153640508651733
17774.307342 5.53092098236084
20199.199737 6.009272575378418
69981.597681 6.579665660858154
7300.813241 7.233325481414795
80637.790612 8.00806212425232
65446.660016 8.993410587310791
36572.624257 25.540546417236328
39987.838305 25.602357864379883
28231.145737 25.664178133010864
38941.068801 25.862353324890137
25510.022391 26.68847918510437
79869.030151 28.183854579925537
78872.480803 29.072144985198975
81224.801386 29.71050000190735
5297.676161 30.264319896697998
15646.072634 30.800697088241577
13186.568207 31.393521547317505
65295.015519 32.2189838886261
50722.289902 51.222933769226074
32911.893240 51.28120565414429
42941.512636 51.358261585235596
61183.787211 52.19573736190796
13244.631877 53.842899322509766
20758.367085 54.89168858528137
72782.284401 55.638227224349976
710.525866 56.332629919052124
68071.799612 57.134315490722656
15780.323989 58.855448961257935
66565.254062 1000
923.661385 1000
