#!/bin/nano
# ==== new results, thresh = maglev 4 8 16 dyn rr feedback, cons. hash = 65536, response time = exponential (mean=0.04*10^6*150 ticks), mu=48; feedback= 10+90*exp(-(x/32)**2*8), via apache shmem, poll=0.2s, weighted ===
1	0.995626 80000 0.20902921786308287 0.18603398111608915	0.994326 80000 0.20810353263020515 0.18650398560300857  0.996689 80000 0.208975095975399 0.18736125515341442    0.996829 80000 0.2081060492426157 0.18668968567011854   0.994407 80000 0.19907858371436596 0.17212775060761198	0.999436 80000 0.19500263439416884 0.1664805998292796	0.993618 80000 0.1954486619979143 0.16721380195543478
2	1.988063 80000 0.23623356283307076 0.22751455522112737	1.982685 80000 0.23398571436703205 0.2224693250786148   1.987418 80000 0.2357616350263357 0.22779457766834854   1.977026 80000 0.2359268515884876 0.22664738073327606   1.983005 80000 0.21098527229726313 0.1932944998575265	1.990387 80000 0.20578715184926988 0.1820463635090212	1.967088 80000 0.20834868728220463 0.18436414961753175
3	2.957833 80000 0.27164297090768813 0.28583508284546744	2.945174 80000 0.2622593487352133 0.2608921000999632    2.934225 80000 0.27281897317767145 0.28399548755929005  2.951384 80000 0.2726807502359152 0.2868938417733349    2.957013 80000 0.22287794340252876 0.21140242698341644	2.967606 80000 0.21825947151482106 0.20969223657426359	2.963758 80000 0.22412395832538604 0.21258984113066967
4	3.919705 80000 0.3205332257181406 0.36067993611628857	3.911646 80000 0.28842446599006655 0.29355374830401726  3.927934 80000 0.31680192487835884 0.3470237191219175   3.929374 80000 0.32000831035971644 0.3585429536431366   3.936388 80000 0.2542029517889023 0.2554419113781942	3.923659 80000 0.24647347413301468 0.2538972936228128	3.931016 80000 0.24472148158252238 0.25356546720643364
5	4.905039 80000 0.39417796495258806 0.47507051866021455	4.876614 80000 0.3198252223700285 0.32835749635737094   4.858753 80000 0.3778943617343903 0.4313494560940537    4.829725 80000 0.38596618730127813 0.4734107545081533   4.862504 80000 0.2859266645073891 0.2950440722379224	4.865016 80000 0.2826508378326893 0.3253736772465034	4.846991 80000 0.28410535124838354 0.32267450738869347
5.5	5.339109 80000 0.44164358006715776 0.5457115000827879	5.320485 80000 0.3361252415001392 0.3481546494648233    5.341978 80000 0.4151369551986456 0.4771945697743133    5.379037 80000 0.4473962827950716 0.5582766048237624    5.340365 80000 0.30190333901047706 0.3173209759670239	5.357144 80000 0.31328680573999884 0.3778746154469034	5.344806 80000 0.3097071602910757 0.3640635327302114
6	5.785686 80000 0.5080449455440045 0.6738070944568563	5.785765 80000 0.34983123574256897 0.36376948336262416  5.817656 80000 0.45606544778645036 0.5268665752102187   5.790934 80000 0.49774492193758485 0.6303157013049018   5.801229 80000 0.3309031422287226 0.35758776264179365	5.820936 80000 0.3496300635129213 0.43823103838821775	5.799737 80000 0.33585635336339476 0.41092657889062834
6.5	6.236481 80000 0.5822606048613787 0.7771034841125559	6.250089 80000 0.3747105148911476 0.3937791156072214    6.264263 80000 0.4809170789837837 0.5534784309172089    6.253779 80000 0.5833855733841657 0.7496639082761396    6.232601 80000 0.3568896752387285 0.38994235374964614	6.251044 80000 0.4019004160344601 0.5398757270611971	6.251226 80000 0.40633747035264967 0.5392523740403158
6.75	6.488891 80000 0.642422885721922 0.8810721615637791	6.479008 80000 0.38351090972721574 0.4079304964552745   6.509427 80000 0.5158351997047663 0.5938640629302419    6.489632 80000 0.6258259828537702 0.8112134455460263    6.492359 80000 0.3835087476938963 0.42774837174585617	6.527313 80000 0.44972070171535017 0.606728220041008	6.473708 80000 0.42922090680897235 0.5702369830012874
7	6.723043 80000 0.701967064896226 0.9469686742561643	6.709222 80000 0.4070358317732811 0.4315646537962703    6.705136 80000 0.531395898577571 0.6073597178427025     6.722204 80000 0.6817813084483146 0.8739009103491984    6.706900 80000 0.3900287632018328 0.43665974114281003	6.716496 80000 0.5043837300509214 0.7302507500693971	6.724196 80000 0.46527772435843945 0.6334646417028407
7.25	6.930096 80000 0.8056812165379524 1.1343929376184747	6.956507 80000 0.42507275591492655 0.46005586302713963  6.886947 80000 0.5637014993190765 0.6385384502221753    6.931760 80000 0.7549744510412216 0.9502489710688515    6.978978 80000 0.4299526389628649 0.4877198532555721	6.915038 80000 0.5576952685415745 0.8017056988815467	6.980996 80000 0.5661421120435 0.8149840358248529
7.5	7.129737 80000 0.9046940425515175 1.279756884168923	7.170794 80000 0.45580048428177833 0.49792277263872275  7.195120 80000 0.6097036945730447 0.6870185040909914    7.133856 80000 0.7782933258771897 0.987119601118159     7.168232 80000 0.4621062899649143 0.5380876919341021	7.158918 80000 0.6226759034574032 0.873991640944222	7.203319 80000 0.6061382978260517 0.8640853778067475
7.75	7.336107 80000 1.0107257511496544 1.4238050530049888	7.396396 80000 0.4877923307746649 0.544801261675905     7.370095 80000 0.6408238775908947 0.7146052610520379    7.382076 80000 0.8930544334322215 1.1121633914841038    7.365162 80000 0.5203547604054213 0.6002072562386768	7.381988 80000 0.7719909483581782 1.1270437959677404	7.399606 80000 0.7172734481215477 1.0385141406851621
8	7.630030 80000 1.2274477842360736 1.6781217830034987	7.566845 80000 0.5304823827117682 0.610820049099809     7.611660 80000 0.6986287088483571 0.7727756875611969    7.563809 80000 0.9634154857158661 1.1810472353618984    7.605373 80000 0.5792894834578037 0.6789304361383034	7.642443 80000 0.9590610690355301 1.3978494929329803	7.558432 80000 0.8169256727427244 1.2135581301448217
8.25	7.790574 80000 1.4046868189007045 1.9096181711518359	7.825942 80000 0.6336883431285619 0.7620877797760519    7.799461 80000 0.7492311886280775 0.8213856266784083    7.778958 80000 1.1357398571252824 1.3579429320155856    7.814387 80000 0.719257316827774 0.9100956015534112	7.783438 80000 1.2407883023828268 1.826877963145674	7.826650 80000 1.0577040370494126 1.5814218072062045
8.5	8.008015 80000 1.814274967354536 2.5430161184350757	8.003312 80000 0.8237636766403913 1.1078616832965018    8.033883 80000 0.870539188694954 0.9530978128195198     8.015862 80000 1.2284640297114848 1.4294640974839672    8.036045 80000 0.7824109871983528 0.9400594140227624	8.044478 80000 1.6548509826123714 2.325486447560659	7.974263 80000 1.263415893623233 1.8154116268464873
8.75	8.180362 80000 2.3855826843291523 3.049174817734658	8.208158 80000 1.3550157347917557 1.8827020382941755    8.248530 80000 1.07884602111578 1.2524925115243868      8.261829 80000 1.381376591452956 1.5395420614668587     8.196603 80000 1.044756319090724 1.290477758340163	8.211473 80000 1.9411729406684637 2.576917848939156	8.202316 80000 1.8808347224712372 2.7103881919961332
9	8.455836 80000 3.657490660202503 4.219047679544104	8.459460 80000 2.3646776439756154 3.2969016408676537    8.410393 80000 1.4990371421843767 1.8058277505017293    8.430725 80000 1.550870927259326 1.7010289276173272     8.398454 80000 1.877942154508829 2.2547199357251673	8.414557 80000 3.183478091391921 3.721266282189011	8.449835 80000 2.8860044868290426 3.542443941084289
9.25	8.611727 80000 4.132559252229333 4.46923392904613	8.651255 80000 3.4038577875703573 4.093510620353811     8.598680 80000 3.080770788872242 3.524828024892438      8.618887 80000 2.8470956252098083 3.1365415540302743    8.596938 80000 3.107142448401451 3.329699204548537	8.611669 80000 4.651994509986043 4.421928184868966	8.613565 79984 3.8094257356185013 4.285609472827652
			
