=== new experiments, thresh = 4, rate = 6.5 ===
48      6.254123 80000 0.38048280506134036 0.400159948526256
47      6.253160 80000 0.393052379566431 0.41712738659198445
46      6.236704 80000 0.3946180718123913 0.42094303993995724
45      6.254640 80000 0.40378915719985964 0.4326558936357016
44      6.247281 80000 0.4101523281008005 0.4353355467534246
43      6.241550 80000 0.43711448523402213 0.4741040378532533
42      6.282164 80000 0.4836401138246059 0.5405568920443234
41      6.263865 80000 0.5037234130203724 0.5715525089923451
40      6.215281 80000 0.5260759950131177 0.6053776826365306
39      6.287480 80000 0.6307726662069559 0.7775500015833348
38      6.290102 80000 0.830519427755475 1.074190157031652
37      6.233334 80000 0.9819207277715206 1.2983437149445918
36      6.252098 80000 1.9194346362888812 2.5836098822099807
35      6.213942 80000 2.8031681093156338 3.4073840729870755
34      6.204020 79985 6.213220089182538 6.441208771847655

