0.0 0.0	0.0 0.0
0.001 0.00585865667326	0.001 0.00528772349212
0.002 0.00991883280099	0.002 0.00854169326069
0.003 0.013195818595	0.003 0.0107123247397
0.004 0.015818105484	0.004 0.0120311231534
0.005 0.0180041933697	0.005 0.0125513903115
0.006 0.0197172301775	0.006 0.0125099040862
0.007 0.0211342459632	0.007 0.0122050779697
0.008 0.0222084736566	0.008 0.0124308722397
0.009 0.0229963433729	0.009 0.0133142433872
0.01 0.0234386615879	0.01 0.0142057417636
0.011 0.0236703094241	0.011 0.0149396950757
0.012 0.0236738785454	0.012 0.0153045077477
0.013 0.0235844919501	0.013 0.0153401442487
0.014 0.0233821672063	0.014 0.0151385950802
0.015 0.0233244938946	0.015 0.0148779369565
0.016 0.0239992060188	0.016 0.0154144348296
0.017 0.0246632058278	0.017 0.0160501188005
0.018 0.0254849726762	0.018 0.0166107232029
0.019 0.0262830265377	0.019 0.0169817214693
0.02 0.0270528157817	0.02 0.0170641972346
0.021 0.0277491233552	0.021 0.0169713974985
0.022 0.0282930344515	0.022 0.0166750448596
0.023 0.0286811863078	0.023 0.0168120499328
0.024 0.0290227877369	0.024 0.0173461798409
0.025 0.0292656668187	0.025 0.0178401307332
0.026 0.0292691254956	0.026 0.0181926299922
0.027 0.0291740963141	0.027 0.0183536266678
0.028 0.0290514265501	0.028 0.0182575020237
0.029 0.0288539989969	0.029 0.0180438890194
0.03 0.028917952591	0.03 0.0179778696119
0.031 0.0293489638535	0.031 0.0183773525395
0.032 0.0297911147039	0.032 0.0188341182168
0.033 0.0303335387199	0.033 0.0191672746884
0.034 0.0308947699443	0.034 0.0193313022984
0.035 0.0313212391816	0.035 0.0193249019905
0.036 0.0317476519409	0.036 0.0190770623854
0.037 0.0321852019738	0.037 0.0189482845727
0.038 0.0324359855578	0.038 0.0192285535848
0.039 0.0325556433734	0.039 0.0196468308579
0.04 0.032658688255	0.04 0.0199723141727
0.041 0.0325980974477	0.041 0.0200981879298
0.042 0.032423082098	0.042 0.0201100346926
0.043 0.0322945764331	0.043 0.0198950971413
0.044 0.0321826046895	0.044 0.0197463428936
0.045 0.0323789479824	0.045 0.0200237248546
0.046 0.0328263574828	0.046 0.0203528936131
0.047 0.0332151776297	0.047 0.0206297084781
0.048 0.0336410955078	0.048 0.0207358284982
0.049 0.0340263911607	0.049 0.0207660319433
0.05 0.0343341639889	0.05 0.0205596123947
0.051 0.0346125105563	0.051 0.0204076947555
0.052 0.0348780208656	0.052 0.0206757702927
0.053 0.0349776199574	0.053 0.02096246862
0.054 0.0350231681322	0.054 0.021180059221
0.055 0.0349310357342	0.055 0.0212960672149
0.056 0.0347838775304	0.056 0.0212348838309
0.057 0.034584264774	0.057 0.0210900102807
0.058 0.0346742506517	0.058 0.0210176604612
0.059 0.0349074791014	0.059 0.0212375763509
0.06 0.0351733972669	0.06 0.0215085581386
0.061 0.0355272692351	0.061 0.0217438969112
0.062 0.0358297060982	0.062 0.0217655299464
0.063 0.0362414871063	0.063 0.0217030311946
0.064 0.0363649364401	0.064 0.0214902848775
0.065 0.0365477986317	0.065 0.0215157226942
0.066 0.0367542746058	0.066 0.0217490975433
0.067 0.0367646880265	0.067 0.0219656357117
0.068 0.0367479934332	0.068 0.0221313976415
0.069 0.0366480955127	0.069 0.0221464676671
0.07 0.0364535661959	0.07 0.0220130261389
0.071 0.0364054246155	0.071 0.0218252340302
0.072 0.0365081229292	0.072 0.0219830280056
0.073 0.0368074975711	0.073 0.0221747833667
0.074 0.0370788829743	0.074 0.0223665644115
0.075 0.0373238537144	0.075 0.022472196123
0.076 0.0376775048617	0.076 0.0224340674564
0.077 0.0377430198182	0.077 0.0222667666644
0.078 0.0380368847965	0.078 0.0222239105597
0.079 0.0381163199756	0.079 0.0224281744482
0.08 0.0382059447469	0.08 0.0226028800377
0.081 0.0382184784893	0.081 0.0227191825551
0.082 0.0381245164048	0.082 0.0227213658805
0.083 0.0379416152867	0.083 0.0226714161363
0.084 0.0378781424906	0.084 0.0224533293025
0.085 0.0379864651998	0.085 0.0225798797235
0.086 0.0381202247165	0.086 0.0227583019946
0.087 0.0383992552518	0.087 0.0229281702592
0.088 0.0385710108049	0.088 0.0230061034205
0.089 0.0388412243877	0.089 0.022889667453
0.09 0.0390769403915	0.09 0.0227178402289
0.091 0.0392274060214	0.091 0.0227769538864
0.092 0.0392812574006	0.092 0.0229106200463
0.093 0.0393425280718	0.093 0.02306275249
0.094 0.0393506181986	0.094 0.0231858915177
0.095 0.0392309633837	0.095 0.0231477189686
0.096 0.0389988739298	0.096 0.0230301381383
0.097 0.0389805954438	0.097 0.0229175719142
0.098 0.0391120201112	0.098 0.0230999853903
0.099 0.0393217098314	0.099 0.0232300362224
