=== thresh = maglev, dyn, rr, feedback ===      =====
0       6.234615 80000 0.7232316888064146 0.4751207382257214    6.177541 80000 0.4322843651920557 0.19941540263481958   6.254213 80000 0.25520923294723036 0.08309620903349582  6.240347 80000 0.2542773763626814 0.07652787072817055
0.1     6.246356 80000 0.7500989829480648 0.5004682884921642    6.131042 80000 0.4409058726817369 0.24327072175109307   6.268154 80000 0.2652020872116089 0.09823019231590496   6.248305 80000 0.2600194982498884 0.08708562278517176
0.2     6.238588 80000 0.7777798300802707 0.5551938523835437    6.144293 80000 0.4558587112516165 0.27520111074188275   6.302571 80000 0.3032687828749418 0.19760368003685652   6.246682 80000 0.2807337090194225 0.12909766084318494
0.3     6.217373 80000 0.8309525573909282 0.6495277982273019    6.166284 80000 0.4806593995571136 0.29382931561624376   6.262427 80000 0.37161140614151955 0.3777317197243994   6.233204 80000 0.3454263590723276 0.2629219628643482
0.4     6.246903 80000 0.9429479175299406 0.784652061526344     6.150725 80000 0.5189844162851572 0.3771739699996249    6.249713 80000 0.50498102055192 0.6575020614039006      6.218062 80000 0.4531855542302132 0.48988425014504566
0.5     6.239678 80000 1.1506451114326715 1.106888891743451     6.138733 80000 0.6104872417896986 0.5614491295423937    6.228817 80000 0.8437202842205763 1.7335451025049202    6.237353 80000 0.6321794616430998 0.9037502881674381
0.6     6.240705 80000 1.6470776099979878 1.923329702718426     6.135365 80000 0.8413966864913702 0.9900279111073724    6.228865 80000 1.6287589182525872 3.229555327195866     6.237500 80000 1.3676690155953168 3.098724921868858
0.7     6.233795 79998 2.703883966480709 3.3964922340308323     6.130003 80000 1.3586880648195743 1.7212280316461983    6.190415 79898 3.5611286010010264 5.965376956067536     6.220654 79957 2.962217857757257 5.085875540862396
0.8     6.212635 79895 7.516881041565886 7.62922980542987       6.143900 79959 4.371782396313761 6.000903297847881      6.174664 79671 8.666665233153676 8.726262640647525      6.147434 79822 6.448709046269278 7.8784400825358
