### new results, thresh = 4, rate = 8.25 ###
131072  7.819467 80000 0.6527853847146035 0.7826228905697442
65536   7.862980 80000 0.7280698481440544 0.9153830712659745
32768   7.789452 80000 0.7364273434787989 0.9082174630679607
16384   7.846761 80000 0.7297838191688061 0.899401963217953
8192    7.823500 80000 0.7306232738226652 0.9126251881610095
4096    7.782804 80000 0.7040691517084837 0.9037287261780845
2048    7.797046 80000 0.6709269289910793 0.8274940065562189
1024    7.826700 80000 0.8230014168828725 1.2419683139424564
512     7.839890 80000 0.928929067787528 1.5492358771244905
256     7.829700 80000 1.3327278881520033 2.8681733436637633
128     7.765832 79985 1.7403112363836173 4.215753881202768
64      7.810014 79692 3.5366332828654516 7.947366526802625
