==== thresh = maglev 9 times, sr8 9 times ===
0	1000	1000	1000	1000	1000	1000	1000	1000	1000	1000	1000	1000	1000	1000	1000	1000	1000	1000
1       954     962     955     964     957     951     956     959     953     983     971     950     973     971     951     975     964     972
2       942     923     930     940     929     942     920     934     944     951     951     950     947     962     954     951     950     951
3       907     916     926     891     909     900     906     905     915     930     935     925     926     937     922     936     930     932
4       879     895     901     895     887     885     896     895     887     892     905     920     899     894     895     907     899     889
5       870     873     869     876     870     872     878     875     868     888     887     894     902     879     879     875     895     909
6       858     841     823     836     844     854     839     837     843     869     874     866     869     855     858     872     857     873
7       842     813     823     821     834     837     828     814     809     857     869     846     834     850     863     853     849     844
8       800     778     790     787     791     802     791     816     784     823     831     827     831     826     832     843     818     836
9       796     794     794     798     806     803     779     756     791     805     800     785     794     808     785     802     794     815
10      749     771     754     759     756     750     773     758     769     799     804     797     786     788     814     808     775     761
