0.000 0.038147700 0.800000000
0.010 0.139813064 0.800000001
0.020 0.293980222 0.800000016
0.030 0.467672875 0.800000138
0.040 0.628837272 0.800000860
0.050 0.758748219 0.800004268
0.060 0.852686146 0.800017535
0.070 0.914917967 0.800061380
0.080 0.953250183 0.800186936
0.090 0.975441285 0.800503398
0.100 0.987614420 0.801214175
0.110 0.993982247 0.802651017
0.120 0.997174786 0.805286818
0.130 0.998715101 0.809704892
0.140 0.999432676 0.816511105
0.150 0.999756359 0.826196285
0.160 0.999898063 0.838982042
0.170 0.999958391 0.854700547
0.180 0.999983410 0.872756219
0.190 0.999993532 0.892192759
0.200 0.999997532 0.911852196
0.210 0.999999077 0.930580245
0.220 0.999999662 0.947418652
0.230 0.999999878 0.961734683
0.240 0.999999957 0.973263986
0.250 0.999999985 0.982072793
0.260 0.999999995 0.988466849
0.270 0.999999998 0.992881907
0.280 0.999999999 0.995785272
0.290 1.000000000 0.997605523
0.300 1.000000000 0.998694562
0.310 1.000000000 0.999316888
0.320 1.000000000 0.999656827
0.330 1.000000000 0.999834454
0.340 1.000000000 0.999965858
0.350 1.000000000 0.999985397
0.360 1.000000000 0.999985397
0.370 1.000000000 0.999993997
0.380 1.000000000 0.999997628
0.390 1.000000000 0.999999099
0.400 1.000000000 0.999999671
0.410 1.000000000 0.999999884
0.420 1.000000000 0.999999961
0.430 1.000000000 0.999999987
0.440 1.000000000 0.999999996
0.450 1.000000000 0.999999999
0.460 1.000000000 1.000000000
0.470 1.000000000 1.000000000
0.480 1.000000000 1.000000000
0.490 1.000000000 1.000000000
0.500 1.000000000 1.000000000
